167 1708452155 0,400000 -1,000000 -101,000000 0,000000 0,000000
167 1708452156 0,400000 -1,000000 -101,000000 0,000000 0,000000
167 1708452157 0,400000 -1,000000 -101,000000 0,000000 0,000000
167 1708452158 0,400000 -1,000000 -101,000000 0,000000 0,000000
167 1708452159 0,400000 -1,000000 -101,000000 0,000000 0,000000
167 1708452160 1,200000 -1,000000 -101,000000 0,000000 0,000000
167 1708452161 1,200000 -1,000000 -101,000000 0,000000 0,000000
167 1708452162 1,200000 -1,000000 -101,000000 0,000000 0,000000
167 1708452163 1,200000 -1,000000 -101,000000 0,000000 0,000000
167 1708452164 1,200000 -1,000000 -101,000000 0,000000 0,000000
167 1708452165 1,400000 -1,000000 -101,000000 0,000000 0,000000
167 1708452166 1,400000 -1,000000 -101,000000 0,000000 0,000000
167 1708452167 1,400000 -1,000000 -101,000000 0,000000 0,000000
167 1708452168 1,400000 -1,000000 -101,000000 0,000000 0,000000
167 1708452169 1,400000 -1,000000 -101,000000 0,000000 0,000000
167 1708452170 1,800000 -1,000000 -101,000000 0,000000 0,000000
167 1708452171 1,800000 -1,000000 -101,000000 0,000000 0,000000
167 1708452172 1,800000 -1,000000 -101,000000 0,000000 0,000000
167 1708452173 1,800000 -1,000000 -101,000000 0,000000 0,000000
167 1708452174 1,800000 -1,000000 -101,000000 0,000000 0,000000
167 1708452175 2,000000 -1,000000 -101,000000 0,000000 0,000000
167 1708452176 2,000000 -1,000000 -101,000000 0,000000 0,000000
167 1708452177 2,000000 -1,000000 -101,000000 0,000000 0,000000
167 1708452178 2,000000 -1,000000 -101,000000 0,000000 0,000000
167 1708452179 2,000000 -1,000000 -101,000000 0,000000 0,000000
167 1708452180 1,400000 -1,000000 -101,000000 0,000000 0,000000
167 1708452181 1,400000 -1,000000 -101,000000 0,000000 0,000000
167 1708452182 1,400000 -1,000000 -101,000000 0,000000 0,000000
167 1708452183 1,400000 -1,000000 -101,000000 0,000000 0,000000
167 1708452184 1,400000 -1,000000 -101,000000 0,000000 0,000000
167 1708452185 1,800000 -1,000000 -101,000000 0,000000 0,000000
167 1708452186 1,800000 -1,000000 -101,000000 0,000000 0,000000
167 1708452187 1,800000 -1,000000 -101,000000 0,000000 0,000000
167 1708452188 1,800000 -1,000000 -101,000000 0,000000 0,000000
167 1708452189 1,800000 -1,000000 -101,000000 0,000000 0,000000
167 1708452190 1,600000 -1,000000 -101,000000 0,000000 0,000000
167 1708452191 1,600000 -1,000000 -101,000000 0,000000 0,000000
167 1708452192 1,600000 -1,000000 -101,000000 0,000000 0,000000
167 1708452193 1,600000 -1,000000 -101,000000 0,000000 0,000000
167 1708452194 1,600000 -1,000000 -101,000000 0,000000 0,000000
167 1708452195 1,800000 -1,000000 -101,000000 0,000000 0,000000
167 1708452196 1,800000 -1,000000 -101,000000 0,000000 0,000000
167 1708452197 1,800000 -1,000000 -101,000000 0,000000 0,000000
167 1708452198 1,800000 -1,000000 -101,000000 0,000000 0,000000
167 1708452199 1,800000 -1,000000 -101,000000 0,000000 0,000000
167 1708452200 1,200000 -1,000000 -101,000000 0,000000 0,000000
167 1708452201 1,200000 -1,000000 -101,000000 0,000000 0,000000
167 1708452202 1,200000 -1,000000 -101,000000 0,000000 0,000000
167 1708452203 1,200000 -1,000000 -101,000000 0,000000 0,000000
167 1708452204 1,200000 -1,000000 -101,000000 0,000000 0,000000
167 1708452205 1,800000 -1,000000 -101,000000 0,000000 0,000000
167 1708452206 1,800000 -1,000000 -101,000000 0,000000 0,000000
167 1708452207 1,800000 -1,000000 -101,000000 0,000000 0,000000
167 1708452208 1,800000 -1,000000 -101,000000 0,000000 0,000000
167 1708452209 1,800000 -1,000000 -101,000000 0,000000 0,000000
167 1708452210 0,200000 -1,000000 -101,000000 0,000000 0,000000
167 1708452211 0,200000 -1,000000 -101,000000 0,000000 0,000000
167 1708452212 0,200000 -1,000000 -101,000000 0,000000 0,000000
167 1708452213 0,200000 -1,000000 -101,000000 0,000000 0,000000
167 1708452214 0,200000 -1,000000 -101,000000 0,000000 0,000000
167 1708452215 0,800000 -1,000000 -101,000000 0,000000 0,000000
167 1708452216 0,800000 -1,000000 -101,000000 0,000000 0,000000
167 1708452217 0,800000 -1,000000 -101,000000 0,000000 0,000000
167 1708452218 0,800000 -1,000000 -101,000000 0,000000 0,000000
167 1708452219 0,800000 -1,000000 -101,000000 0,000000 0,000000
167 1708452220 1,000000 -1,000000 -101,000000 0,000000 0,000000
167 1708452221 1,000000 -1,000000 -101,000000 0,000000 0,000000
167 1708452222 1,000000 -1,000000 -101,000000 0,000000 0,000000
167 1708452223 1,000000 -1,000000 -101,000000 0,000000 0,000000
167 1708452224 1,000000 -1,000000 -101,000000 0,000000 0,000000
167 1708452225 0,800000 -1,000000 -101,000000 0,000000 0,000000
167 1708452226 0,800000 -1,000000 -101,000000 0,000000 0,000000
167 1708452227 0,800000 -1,000000 -101,000000 0,000000 0,000000
167 1708452228 0,800000 -1,000000 -101,000000 0,000000 0,000000
167 1708452229 0,800000 -1,000000 -101,000000 0,000000 0,000000
167 1708452230 1,200000 -1,000000 -101,000000 0,000000 0,000000
167 1708452231 1,200000 -1,000000 -101,000000 0,000000 0,000000
167 1708452232 1,200000 -1,000000 -101,000000 0,000000 0,000000
167 1708452233 1,200000 -1,000000 -101,000000 0,000000 0,000000
167 1708452234 1,200000 -1,000000 -101,000000 0,000000 0,000000
167 1708452240 0,800000 -1,000000 -101,000000 0,000000 0,000000
167 1708452241 0,800000 -1,000000 -101,000000 0,000000 0,000000
167 1708452242 0,800000 -1,000000 -101,000000 0,000000 0,000000
167 1708452243 0,800000 -1,000000 -101,000000 0,000000 0,000000
167 1708452244 0,800000 -1,000000 -101,000000 0,000000 0,000000
167 1708452245 1,800000 -1,000000 -101,000000 0,000000 0,000000
167 1708452246 1,800000 -1,000000 -101,000000 0,000000 0,000000
167 1708452247 1,800000 -1,000000 -101,000000 0,000000 0,000000
167 1708452248 1,800000 -1,000000 -101,000000 0,000000 0,000000
167 1708452249 1,800000 -1,000000 -101,000000 0,000000 0,000000
167 1708452250 2,200000 -1,000000 -101,000000 0,000000 0,000000
167 1708452251 2,200000 -1,000000 -101,000000 0,000000 0,000000
167 1708452252 2,200000 -1,000000 -101,000000 0,000000 0,000000
167 1708452253 2,200000 -1,000000 -101,000000 0,000000 0,000000
167 1708452254 2,200000 -1,000000 -101,000000 0,000000 0,000000
167 1708452255 1,400000 -1,000000 -101,000000 0,000000 0,000000
167 1708452256 1,400000 -1,000000 -101,000000 0,000000 0,000000
167 1708452257 1,400000 -1,000000 -101,000000 0,000000 0,000000
167 1708452258 1,400000 -1,000000 -101,000000 0,000000 0,000000
167 1708452259 1,400000 -1,000000 -101,000000 0,000000 0,000000
167 1708452260 0,200000 -1,000000 -101,000000 0,000000 0,000000
167 1708452261 0,200000 -1,000000 -101,000000 0,000000 0,000000
167 1708452262 0,200000 -1,000000 -101,000000 0,000000 0,000000
167 1708452263 0,200000 -1,000000 -101,000000 0,000000 0,000000
167 1708452264 0,200000 -1,000000 -101,000000 0,000000 0,000000
167 1708452265 1,800000 -1,000000 -101,000000 0,000000 0,000000
167 1708452266 1,800000 -1,000000 -101,000000 0,000000 0,000000
167 1708452267 1,800000 -1,000000 -101,000000 0,000000 0,000000
167 1708452268 1,800000 -1,000000 -101,000000 0,000000 0,000000
167 1708452269 1,800000 -1,000000 -101,000000 0,000000 0,000000
167 1708452270 1,000000 -1,000000 -101,000000 0,000000 0,000000
167 1708452271 1,000000 -1,000000 -101,000000 0,000000 0,000000
167 1708452272 1,000000 -1,000000 -101,000000 0,000000 0,000000
167 1708452273 1,000000 -1,000000 -101,000000 0,000000 0,000000
167 1708452274 1,000000 -1,000000 -101,000000 0,000000 0,000000
167 1708452275 2,200000 -1,000000 -101,000000 0,000000 0,000000
167 1708452276 2,200000 -1,000000 -101,000000 0,000000 0,000000
167 1708452277 2,200000 -1,000000 -101,000000 0,000000 0,000000
167 1708452278 2,200000 -1,000000 -101,000000 0,000000 0,000000
167 1708452279 2,200000 -1,000000 -101,000000 0,000000 0,000000
167 1708452280 3,000000 -1,000000 -101,000000 0,000000 0,000000
167 1708452281 3,000000 -1,000000 -101,000000 0,000000 0,000000
167 1708452282 3,000000 -1,000000 -101,000000 0,000000 0,000000
167 1708452283 3,000000 -1,000000 -101,000000 0,000000 0,000000
167 1708452284 3,000000 -1,000000 -101,000000 0,000000 0,000000
167 1708452285 0,200000 -1,000000 -101,000000 0,000000 0,000000
167 1708452286 0,200000 -1,000000 -101,000000 0,000000 0,000000
167 1708452287 0,200000 -1,000000 -101,000000 0,000000 0,000000
167 1708452288 0,200000 -1,000000 -101,000000 0,000000 0,000000
167 1708452289 0,200000 -1,000000 -101,000000 0,000000 0,000000
167 1708452290 0,600000 -1,000000 -101,000000 0,000000 0,000000
167 1708452291 0,600000 -1,000000 -101,000000 0,000000 0,000000
167 1708452292 0,600000 -1,000000 -101,000000 0,000000 0,000000
167 1708452293 0,600000 -1,000000 -101,000000 0,000000 0,000000
167 1708452294 0,600000 -1,000000 -101,000000 0,000000 0,000000
167 1708452300 0,200000 -1,000000 -101,000000 0,000000 0,000000
167 1708452301 0,200000 -1,000000 -101,000000 0,000000 0,000000
167 1708452302 0,200000 -1,000000 -101,000000 0,000000 0,000000
167 1708452303 0,200000 -1,000000 -101,000000 0,000000 0,000000
167 1708452304 0,200000 -1,000000 -101,000000 0,000000 0,000000
167 1708452305 0,800000 -1,000000 -101,000000 0,000000 0,000000
167 1708452306 0,800000 -1,000000 -101,000000 0,000000 0,000000
167 1708452307 0,800000 -1,000000 -101,000000 0,000000 0,000000
167 1708452308 0,800000 -1,000000 -101,000000 0,000000 0,000000
167 1708452309 0,800000 -1,000000 -101,000000 0,000000 0,000000
167 1708452310 0,400000 -1,000000 -101,000000 0,000000 0,000000
167 1708452311 0,400000 -1,000000 -101,000000 0,000000 0,000000
167 1708452312 0,400000 -1,000000 -101,000000 0,000000 0,000000
167 1708452313 0,400000 -1,000000 -101,000000 0,000000 0,000000
167 1708452314 0,400000 -1,000000 -101,000000 0,000000 0,000000
167 1708452315 1,000000 -1,000000 -101,000000 0,000000 0,000000
167 1708452316 1,000000 -1,000000 -101,000000 0,000000 0,000000
167 1708452317 1,000000 -1,000000 -101,000000 0,000000 0,000000
167 1708452318 1,000000 -1,000000 -101,000000 0,000000 0,000000
167 1708452319 1,000000 -1,000000 -101,000000 0,000000 0,000000
167 1708452320 1,000000 -1,000000 -101,000000 0,000000 0,000000
167 1708452321 1,000000 -1,000000 -101,000000 0,000000 0,000000
167 1708452322 1,000000 -1,000000 -101,000000 0,000000 0,000000
167 1708452323 1,000000 -1,000000 -101,000000 0,000000 0,000000
167 1708452324 1,000000 -1,000000 -101,000000 0,000000 0,000000
167 1708452325 4,000000 -1,000000 -101,000000 0,000000 0,000000
167 1708452326 4,000000 -1,000000 -101,000000 0,000000 0,000000
167 1708452327 4,000000 -1,000000 -101,000000 0,000000 0,000000
167 1708452328 4,000000 -1,000000 -101,000000 0,000000 0,000000
167 1708452329 4,000000 -1,000000 -101,000000 0,000000 0,000000
167 1708452330 1,400000 -1,000000 -101,000000 0,000000 0,000000
167 1708452331 1,400000 -1,000000 -101,000000 0,000000 0,000000
167 1708452332 1,400000 -1,000000 -101,000000 0,000000 0,000000
167 1708452333 1,400000 -1,000000 -101,000000 0,000000 0,000000
167 1708452334 1,400000 -1,000000 -101,000000 0,000000 0,000000
167 1708452335 1,800000 -1,000000 -101,000000 0,000000 0,000000
167 1708452336 1,800000 -1,000000 -101,000000 0,000000 0,000000
167 1708452337 1,800000 -1,000000 -101,000000 0,000000 0,000000
167 1708452338 1,800000 -1,000000 -101,000000 0,000000 0,000000
167 1708452339 1,800000 -1,000000 -101,000000 0,000000 0,000000
167 1708452340 1,000000 -1,000000 -101,000000 0,000000 0,000000
167 1708452341 1,000000 -1,000000 -101,000000 0,000000 0,000000
167 1708452342 1,000000 -1,000000 -101,000000 0,000000 0,000000
167 1708452343 1,000000 -1,000000 -101,000000 0,000000 0,000000
167 1708452344 1,000000 -1,000000 -101,000000 0,000000 0,000000
167 1708452345 0,400000 -1,000000 -101,000000 0,000000 0,000000
167 1708452346 0,400000 -1,000000 -101,000000 0,000000 0,000000
167 1708452347 0,400000 -1,000000 -101,000000 0,000000 0,000000
167 1708452348 0,400000 -1,000000 -101,000000 0,000000 0,000000
167 1708452349 0,400000 -1,000000 -101,000000 0,000000 0,000000
167 1708452350 0,800000 -1,000000 -101,000000 0,000000 0,000000
167 1708452351 0,800000 -1,000000 -101,000000 0,000000 0,000000
167 1708452352 0,800000 -1,000000 -101,000000 0,000000 0,000000
167 1708452353 0,800000 -1,000000 -101,000000 0,000000 0,000000
167 1708452354 0,800000 -1,000000 -101,000000 0,000000 0,000000
167 1708452355 1,800000 -1,000000 -101,000000 0,000000 0,000000
167 1708452356 1,800000 -1,000000 -101,000000 0,000000 0,000000
167 1708452357 1,800000 -1,000000 -101,000000 0,000000 0,000000
167 1708452358 1,800000 -1,000000 -101,000000 0,000000 0,000000
167 1708452359 1,800000 -1,000000 -101,000000 0,000000 0,000000
167 1708452360 0,800000 -1,000000 -101,000000 0,000000 0,000000
167 1708452361 0,800000 -1,000000 -101,000000 0,000000 0,000000
167 1708452362 0,800000 -1,000000 -101,000000 0,000000 0,000000
167 1708452363 0,800000 -1,000000 -101,000000 0,000000 0,000000
167 1708452364 0,800000 -1,000000 -101,000000 0,000000 0,000000
167 1708452365 0,800000 -1,000000 -101,000000 0,000000 0,000000
167 1708452366 0,800000 -1,000000 -101,000000 0,000000 0,000000
167 1708452367 0,800000 -1,000000 -101,000000 0,000000 0,000000
167 1708452368 0,800000 -1,000000 -101,000000 0,000000 0,000000
167 1708452369 0,800000 -1,000000 -101,000000 0,000000 0,000000
167 1708452370 0,200000 -1,000000 -101,000000 0,000000 0,000000
167 1708452371 0,200000 -1,000000 -101,000000 0,000000 0,000000
167 1708452372 0,200000 -1,000000 -101,000000 0,000000 0,000000
167 1708452373 0,200000 -1,000000 -101,000000 0,000000 0,000000
167 1708452374 0,200000 -1,000000 -101,000000 0,000000 0,000000
167 1708452375 0,800000 -1,000000 -101,000000 0,000000 0,000000
167 1708452376 0,800000 -1,000000 -101,000000 0,000000 0,000000
167 1708452377 0,800000 -1,000000 -101,000000 0,000000 0,000000
167 1708452378 0,800000 -1,000000 -101,000000 0,000000 0,000000
167 1708452379 0,800000 -1,000000 -101,000000 0,000000 0,000000
167 1708452380 1,400000 -1,000000 -101,000000 0,000000 0,000000
167 1708452381 1,400000 -1,000000 -101,000000 0,000000 0,000000
167 1708452382 1,400000 -1,000000 -101,000000 0,000000 0,000000
167 1708452383 1,400000 -1,000000 -101,000000 0,000000 0,000000
167 1708452384 1,400000 -1,000000 -101,000000 0,000000 0,000000
167 1708452385 1,200000 -1,000000 -101,000000 0,000000 0,000000
167 1708452386 1,200000 -1,000000 -101,000000 0,000000 0,000000
167 1708452387 1,200000 -1,000000 -101,000000 0,000000 0,000000
167 1708452388 1,200000 -1,000000 -101,000000 0,000000 0,000000
167 1708452389 1,200000 -1,000000 -101,000000 0,000000 0,000000
167 1708452390 0,800000 -1,000000 -101,000000 0,000000 0,000000
167 1708452391 0,800000 -1,000000 -101,000000 0,000000 0,000000
167 1708452392 0,800000 -1,000000 -101,000000 0,000000 0,000000
167 1708452393 0,800000 -1,000000 -101,000000 0,000000 0,000000
167 1708452394 0,800000 -1,000000 -101,000000 0,000000 0,000000
167 1708452395 1,600000 -1,000000 -101,000000 0,000000 0,000000
167 1708452396 1,600000 -1,000000 -101,000000 0,000000 0,000000
167 1708452397 1,600000 -1,000000 -101,000000 0,000000 0,000000
167 1708452398 1,600000 -1,000000 -101,000000 0,000000 0,000000
167 1708452399 1,600000 -1,000000 -101,000000 0,000000 0,000000
167 1708452400 2,000000 -1,000000 -101,000000 0,000000 0,000000
167 1708452401 2,000000 -1,000000 -101,000000 0,000000 0,000000
167 1708452402 2,000000 -1,000000 -101,000000 0,000000 0,000000
167 1708452403 2,000000 -1,000000 -101,000000 0,000000 0,000000
167 1708452404 2,000000 -1,000000 -101,000000 0,000000 0,000000
167 1708452405 2,000000 -1,000000 -101,000000 0,000000 0,000000
167 1708452406 2,000000 -1,000000 -101,000000 0,000000 0,000000
167 1708452407 2,000000 -1,000000 -101,000000 0,000000 0,000000
167 1708452408 2,000000 -1,000000 -101,000000 0,000000 0,000000
167 1708452409 2,000000 -1,000000 -101,000000 0,000000 0,000000
167 1708452410 1,200000 -1,000000 -101,000000 0,000000 0,000000
167 1708452411 1,200000 -1,000000 -101,000000 0,000000 0,000000
167 1708452412 1,200000 -1,000000 -101,000000 0,000000 0,000000
167 1708452413 1,200000 -1,000000 -101,000000 0,000000 0,000000
167 1708452414 1,200000 -1,000000 -101,000000 0,000000 0,000000
167 1708452415 0,200000 -1,000000 -101,000000 0,000000 0,000000
167 1708452416 0,200000 -1,000000 -101,000000 0,000000 0,000000
167 1708452417 0,200000 -1,000000 -101,000000 0,000000 0,000000
167 1708452418 0,200000 -1,000000 -101,000000 0,000000 0,000000
167 1708452419 0,200000 -1,000000 -101,000000 0,000000 0,000000
167 1708452420 0,400000 -1,000000 -101,000000 0,000000 0,000000
167 1708452421 0,400000 -1,000000 -101,000000 0,000000 0,000000
167 1708452422 0,400000 -1,000000 -101,000000 0,000000 0,000000
167 1708452423 0,400000 -1,000000 -101,000000 0,000000 0,000000
167 1708452424 0,400000 -1,000000 -101,000000 0,000000 0,000000
167 1708452425 1,000000 -1,000000 -101,000000 0,000000 0,000000
167 1708452426 1,000000 -1,000000 -101,000000 0,000000 0,000000
167 1708452427 1,000000 -1,000000 -101,000000 0,000000 0,000000
167 1708452428 1,000000 -1,000000 -101,000000 0,000000 0,000000
167 1708452429 1,000000 -1,000000 -101,000000 0,000000 0,000000
167 1708452430 2,000000 -1,000000 -101,000000 0,000000 0,000000
167 1708452431 2,000000 -1,000000 -101,000000 0,000000 0,000000
167 1708452432 2,000000 -1,000000 -101,000000 0,000000 0,000000
167 1708452433 2,000000 -1,000000 -101,000000 0,000000 0,000000
167 1708452434 2,000000 -1,000000 -101,000000 0,000000 0,000000
167 1708452435 2,000000 -1,000000 -101,000000 0,000000 0,000000
167 1708452436 2,000000 -1,000000 -101,000000 0,000000 0,000000
167 1708452437 2,000000 -1,000000 -101,000000 0,000000 0,000000
167 1708452438 2,000000 -1,000000 -101,000000 0,000000 0,000000
167 1708452439 2,000000 -1,000000 -101,000000 0,000000 0,000000
167 1708452440 0,800000 -1,000000 -101,000000 0,000000 0,000000
167 1708452441 0,800000 -1,000000 -101,000000 0,000000 0,000000
167 1708452442 0,800000 -1,000000 -101,000000 0,000000 0,000000
167 1708452443 0,800000 -1,000000 -101,000000 0,000000 0,000000
167 1708452444 0,800000 -1,000000 -101,000000 0,000000 0,000000
167 1708452445 0,800000 -1,000000 -101,000000 0,000000 0,000000
167 1708452446 0,800000 -1,000000 -101,000000 0,000000 0,000000
167 1708452447 0,800000 -1,000000 -101,000000 0,000000 0,000000
167 1708452448 0,800000 -1,000000 -101,000000 0,000000 0,000000
167 1708452449 0,800000 -1,000000 -101,000000 0,000000 0,000000
167 1708452450 0,200000 -1,000000 -101,000000 0,000000 0,000000
167 1708452451 0,200000 -1,000000 -101,000000 0,000000 0,000000
167 1708452452 0,200000 -1,000000 -101,000000 0,000000 0,000000
167 1708452453 0,200000 -1,000000 -101,000000 0,000000 0,000000
167 1708452454 0,200000 -1,000000 -101,000000 0,000000 0,000000
167 1708452455 1,000000 -1,000000 -101,000000 0,000000 0,000000
167 1708452456 1,000000 -1,000000 -101,000000 0,000000 0,000000
167 1708452457 1,000000 -1,000000 -101,000000 0,000000 0,000000
167 1708452458 1,000000 -1,000000 -101,000000 0,000000 0,000000
167 1708452459 1,000000 -1,000000 -101,000000 0,000000 0,000000
167 1708452460 1,400000 -1,000000 -101,000000 0,000000 0,000000
167 1708452461 1,400000 -1,000000 -101,000000 0,000000 0,000000
167 1708452462 1,400000 -1,000000 -101,000000 0,000000 0,000000
167 1708452463 1,400000 -1,000000 -101,000000 0,000000 0,000000
167 1708452464 1,400000 -1,000000 -101,000000 0,000000 0,000000
167 1708452465 1,000000 -1,000000 -101,000000 0,000000 0,000000
167 1708452466 1,000000 -1,000000 -101,000000 0,000000 0,000000
167 1708452467 1,000000 -1,000000 -101,000000 0,000000 0,000000
167 1708452468 1,000000 -1,000000 -101,000000 0,000000 0,000000
167 1708452469 1,000000 -1,000000 -101,000000 0,000000 0,000000
167 1708452470 0,800000 -1,000000 -101,000000 0,000000 0,000000
167 1708452471 0,800000 -1,000000 -101,000000 0,000000 0,000000
167 1708452472 0,800000 -1,000000 -101,000000 0,000000 0,000000
167 1708452473 0,800000 -1,000000 -101,000000 0,000000 0,000000
167 1708452474 0,800000 -1,000000 -101,000000 0,000000 0,000000
167 1708452475 2,200000 -1,000000 -101,000000 0,000000 0,000000
167 1708452476 2,200000 -1,000000 -101,000000 0,000000 0,000000
167 1708452477 2,200000 -1,000000 -101,000000 0,000000 0,000000
167 1708452478 2,200000 -1,000000 -101,000000 0,000000 0,000000
167 1708452479 2,200000 -1,000000 -101,000000 0,000000 0,000000
167 1708452480 1,000000 -1,000000 -101,000000 0,000000 0,000000
167 1708452481 1,000000 -1,000000 -101,000000 0,000000 0,000000
167 1708452482 1,000000 -1,000000 -101,000000 0,000000 0,000000
167 1708452483 1,000000 -1,000000 -101,000000 0,000000 0,000000
167 1708452484 1,000000 -1,000000 -101,000000 0,000000 0,000000
167 1708452485 2,200000 -1,000000 -101,000000 0,000000 0,000000
167 1708452486 2,200000 -1,000000 -101,000000 0,000000 0,000000
167 1708452487 2,200000 -1,000000 -101,000000 0,000000 0,000000
167 1708452488 2,200000 -1,000000 -101,000000 0,000000 0,000000
167 1708452489 2,200000 -1,000000 -101,000000 0,000000 0,000000
167 1708452490 1,000000 -1,000000 -101,000000 0,000000 0,000000
167 1708452491 1,000000 -1,000000 -101,000000 0,000000 0,000000
167 1708452492 1,000000 -1,000000 -101,000000 0,000000 0,000000
167 1708452493 1,000000 -1,000000 -101,000000 0,000000 0,000000
167 1708452494 1,000000 -1,000000 -101,000000 0,000000 0,000000
167 1708452495 0,800000 -1,000000 -101,000000 0,000000 0,000000
167 1708452496 0,800000 -1,000000 -101,000000 0,000000 0,000000
167 1708452497 0,800000 -1,000000 -101,000000 0,000000 0,000000
167 1708452498 0,800000 -1,000000 -101,000000 0,000000 0,000000
167 1708452499 0,800000 -1,000000 -101,000000 0,000000 0,000000
167 1708452500 0,200000 -1,000000 -101,000000 0,000000 0,000000
167 1708452501 0,200000 -1,000000 -101,000000 0,000000 0,000000
167 1708452502 0,200000 -1,000000 -101,000000 0,000000 0,000000
167 1708452503 0,200000 -1,000000 -101,000000 0,000000 0,000000
167 1708452504 0,200000 -1,000000 -101,000000 0,000000 0,000000
167 1708452505 1,800000 -1,000000 -101,000000 0,000000 0,000000
167 1708452506 1,800000 -1,000000 -101,000000 0,000000 0,000000
167 1708452507 1,800000 -1,000000 -101,000000 0,000000 0,000000
167 1708452508 1,800000 -1,000000 -101,000000 0,000000 0,000000
167 1708452509 1,800000 -1,000000 -101,000000 0,000000 0,000000
167 1708452510 0,400000 -1,000000 -101,000000 0,000000 0,000000
167 1708452511 0,400000 -1,000000 -101,000000 0,000000 0,000000
167 1708452512 0,400000 -1,000000 -101,000000 0,000000 0,000000
167 1708452513 0,400000 -1,000000 -101,000000 0,000000 0,000000
167 1708452514 0,400000 -1,000000 -101,000000 0,000000 0,000000
167 1708452515 1,600000 -1,000000 -101,000000 0,000000 0,000000
167 1708452516 1,600000 -1,000000 -101,000000 0,000000 0,000000
167 1708452517 1,600000 -1,000000 -101,000000 0,000000 0,000000
167 1708452518 1,600000 -1,000000 -101,000000 0,000000 0,000000
167 1708452519 1,600000 -1,000000 -101,000000 0,000000 0,000000
167 1708452520 1,400000 -1,000000 -101,000000 0,000000 0,000000
167 1708452521 1,400000 -1,000000 -101,000000 0,000000 0,000000
167 1708452522 1,400000 -1,000000 -101,000000 0,000000 0,000000
167 1708452523 1,400000 -1,000000 -101,000000 0,000000 0,000000
167 1708452524 1,400000 -1,000000 -101,000000 0,000000 0,000000
167 1708452525 0,600000 -1,000000 -101,000000 0,000000 0,000000
167 1708452526 0,600000 -1,000000 -101,000000 0,000000 0,000000
167 1708452527 0,600000 -1,000000 -101,000000 0,000000 0,000000
167 1708452528 0,600000 -1,000000 -101,000000 0,000000 0,000000
167 1708452529 0,600000 -1,000000 -101,000000 0,000000 0,000000
167 1708452530 1,600000 -1,000000 -101,000000 0,000000 0,000000
167 1708452531 1,600000 -1,000000 -101,000000 0,000000 0,000000
167 1708452532 1,600000 -1,000000 -101,000000 0,000000 0,000000
167 1708452533 1,600000 -1,000000 -101,000000 0,000000 0,000000
167 1708452534 1,600000 -1,000000 -101,000000 0,000000 0,000000
167 1708452535 1,400000 -1,000000 -101,000000 0,000000 0,000000
167 1708452536 1,400000 -1,000000 -101,000000 0,000000 0,000000
167 1708452537 1,400000 -1,000000 -101,000000 0,000000 0,000000
167 1708452538 1,400000 -1,000000 -101,000000 0,000000 0,000000
167 1708452539 1,400000 -1,000000 -101,000000 0,000000 0,000000
167 1708452540 0,600000 -1,000000 -101,000000 0,000000 0,000000
167 1708452541 0,600000 -1,000000 -101,000000 0,000000 0,000000
167 1708452542 0,600000 -1,000000 -101,000000 0,000000 0,000000
167 1708452543 0,600000 -1,000000 -101,000000 0,000000 0,000000
167 1708452544 0,600000 -1,000000 -101,000000 0,000000 0,000000
167 1708452545 2,800000 -1,000000 -101,000000 0,000000 0,000000
167 1708452546 2,800000 -1,000000 -101,000000 0,000000 0,000000
167 1708452547 2,800000 -1,000000 -101,000000 0,000000 0,000000
167 1708452548 2,800000 -1,000000 -101,000000 0,000000 0,000000
167 1708452549 2,800000 -1,000000 -101,000000 0,000000 0,000000
167 1708452550 0,200000 -1,000000 -101,000000 0,000000 0,000000
167 1708452551 0,200000 -1,000000 -101,000000 0,000000 0,000000
167 1708452552 0,200000 -1,000000 -101,000000 0,000000 0,000000
167 1708452553 0,200000 -1,000000 -101,000000 0,000000 0,000000
167 1708452554 0,200000 -1,000000 -101,000000 0,000000 0,000000
167 1708452555 0,600000 -1,000000 -101,000000 0,000000 0,000000
167 1708452556 0,600000 -1,000000 -101,000000 0,000000 0,000000
167 1708452557 0,600000 -1,000000 -101,000000 0,000000 0,000000
167 1708452558 0,600000 -1,000000 -101,000000 0,000000 0,000000
167 1708452559 0,600000 -1,000000 -101,000000 0,000000 0,000000
167 1708452560 0,400000 -1,000000 -101,000000 0,000000 0,000000
167 1708452561 0,400000 -1,000000 -101,000000 0,000000 0,000000
167 1708452562 0,400000 -1,000000 -101,000000 0,000000 0,000000
167 1708452563 0,400000 -1,000000 -101,000000 0,000000 0,000000
167 1708452564 0,400000 -1,000000 -101,000000 0,000000 0,000000
167 1708452565 1,800000 -1,000000 -101,000000 0,000000 0,000000
167 1708452566 1,800000 -1,000000 -101,000000 0,000000 0,000000
167 1708452567 1,800000 -1,000000 -101,000000 0,000000 0,000000
167 1708452568 1,800000 -1,000000 -101,000000 0,000000 0,000000
167 1708452569 1,800000 -1,000000 -101,000000 0,000000 0,000000
167 1708452570 1,000000 -1,000000 -101,000000 0,000000 0,000000
167 1708452571 1,000000 -1,000000 -101,000000 0,000000 0,000000
167 1708452572 1,000000 -1,000000 -101,000000 0,000000 0,000000
167 1708452573 1,000000 -1,000000 -101,000000 0,000000 0,000000
167 1708452574 1,000000 -1,000000 -101,000000 0,000000 0,000000
167 1708452575 2,000000 -1,000000 -101,000000 0,000000 0,000000
167 1708452576 2,000000 -1,000000 -101,000000 0,000000 0,000000
167 1708452577 2,000000 -1,000000 -101,000000 0,000000 0,000000
167 1708452578 2,000000 -1,000000 -101,000000 0,000000 0,000000
167 1708452579 2,000000 -1,000000 -101,000000 0,000000 0,000000
167 1708452580 1,400000 -1,000000 -101,000000 0,000000 0,000000
167 1708452581 1,400000 -1,000000 -101,000000 0,000000 0,000000
167 1708452582 1,400000 -1,000000 -101,000000 0,000000 0,000000
167 1708452583 1,400000 -1,000000 -101,000000 0,000000 0,000000
167 1708452584 1,400000 -1,000000 -101,000000 0,000000 0,000000
167 1708452585 0,800000 -1,000000 -101,000000 0,000000 0,000000
167 1708452586 0,800000 -1,000000 -101,000000 0,000000 0,000000
167 1708452587 0,800000 -1,000000 -101,000000 0,000000 0,000000
167 1708452588 0,800000 -1,000000 -101,000000 0,000000 0,000000
167 1708452589 0,800000 -1,000000 -101,000000 0,000000 0,000000
167 1708452590 0,800000 -1,000000 -101,000000 0,000000 0,000000
167 1708452591 0,800000 -1,000000 -101,000000 0,000000 0,000000
167 1708452592 0,800000 -1,000000 -101,000000 0,000000 0,000000
167 1708452593 0,800000 -1,000000 -101,000000 0,000000 0,000000
167 1708452594 0,800000 -1,000000 -101,000000 0,000000 0,000000
167 1708452595 1,000000 -1,000000 -101,000000 0,000000 0,000000
167 1708452596 1,000000 -1,000000 -101,000000 0,000000 0,000000
167 1708452597 1,000000 -1,000000 -101,000000 0,000000 0,000000
167 1708452598 1,000000 -1,000000 -101,000000 0,000000 0,000000
167 1708452599 1,000000 -1,000000 -101,000000 0,000000 0,000000
167 1708452600 1,200000 -1,000000 -101,000000 0,000000 0,000000
167 1708452601 1,200000 -1,000000 -101,000000 0,000000 0,000000
167 1708452602 1,200000 -1,000000 -101,000000 0,000000 0,000000
167 1708452603 1,200000 -1,000000 -101,000000 0,000000 0,000000
167 1708452604 1,200000 -1,000000 -101,000000 0,000000 0,000000
167 1708452605 1,400000 -1,000000 -101,000000 0,000000 0,000000
167 1708452606 1,400000 -1,000000 -101,000000 0,000000 0,000000
167 1708452607 1,400000 -1,000000 -101,000000 0,000000 0,000000
167 1708452608 1,400000 -1,000000 -101,000000 0,000000 0,000000
167 1708452609 1,400000 -1,000000 -101,000000 0,000000 0,000000
167 1708452610 0,800000 -1,000000 -101,000000 0,000000 0,000000
167 1708452611 0,800000 -1,000000 -101,000000 0,000000 0,000000
167 1708452612 0,800000 -1,000000 -101,000000 0,000000 0,000000
167 1708452613 0,800000 -1,000000 -101,000000 0,000000 0,000000
167 1708452614 0,800000 -1,000000 -101,000000 0,000000 0,000000
167 1708452615 0,600000 -1,000000 -101,000000 0,000000 0,000000
167 1708452616 0,600000 -1,000000 -101,000000 0,000000 0,000000
167 1708452617 0,600000 -1,000000 -101,000000 0,000000 0,000000
167 1708452618 0,600000 -1,000000 -101,000000 0,000000 0,000000
167 1708452619 0,600000 -1,000000 -101,000000 0,000000 0,000000
167 1708452620 2,200000 -1,000000 -101,000000 0,000000 0,000000
167 1708452621 2,200000 -1,000000 -101,000000 0,000000 0,000000
167 1708452622 2,200000 -1,000000 -101,000000 0,000000 0,000000
167 1708452623 2,200000 -1,000000 -101,000000 0,000000 0,000000
167 1708452624 2,200000 -1,000000 -101,000000 0,000000 0,000000
167 1708452625 0,800000 -1,000000 -101,000000 0,000000 0,000000
167 1708452626 0,800000 -1,000000 -101,000000 0,000000 0,000000
167 1708452627 0,800000 -1,000000 -101,000000 0,000000 0,000000
167 1708452628 0,800000 -1,000000 -101,000000 0,000000 0,000000
167 1708452629 0,800000 -1,000000 -101,000000 0,000000 0,000000
167 1708452630 0,400000 -1,000000 -101,000000 0,000000 0,000000
167 1708452631 0,400000 -1,000000 -101,000000 0,000000 0,000000
167 1708452632 0,400000 -1,000000 -101,000000 0,000000 0,000000
167 1708452633 0,400000 -1,000000 -101,000000 0,000000 0,000000
167 1708452634 0,400000 -1,000000 -101,000000 0,000000 0,000000
167 1708452635 2,000000 -1,000000 -101,000000 0,000000 0,000000
167 1708452636 2,000000 -1,000000 -101,000000 0,000000 0,000000
167 1708452637 2,000000 -1,000000 -101,000000 0,000000 0,000000
167 1708452638 2,000000 -1,000000 -101,000000 0,000000 0,000000
167 1708452639 2,000000 -1,000000 -101,000000 0,000000 0,000000
167 1708452640 1,400000 -1,000000 -101,000000 0,000000 0,000000
167 1708452641 1,400000 -1,000000 -101,000000 0,000000 0,000000
167 1708452642 1,400000 -1,000000 -101,000000 0,000000 0,000000
167 1708452643 1,400000 -1,000000 -101,000000 0,000000 0,000000
167 1708452644 1,400000 -1,000000 -101,000000 0,000000 0,000000
167 1708452645 1,000000 -1,000000 -101,000000 0,000000 0,000000
167 1708452646 1,000000 -1,000000 -101,000000 0,000000 0,000000
167 1708452647 1,000000 -1,000000 -101,000000 0,000000 0,000000
167 1708452648 1,000000 -1,000000 -101,000000 0,000000 0,000000
167 1708452649 1,000000 -1,000000 -101,000000 0,000000 0,000000
167 1708452650 2,200000 -1,000000 -101,000000 0,000000 0,000000
167 1708452651 2,200000 -1,000000 -101,000000 0,000000 0,000000
167 1708452652 2,200000 -1,000000 -101,000000 0,000000 0,000000
167 1708452653 2,200000 -1,000000 -101,000000 0,000000 0,000000
167 1708452654 2,200000 -1,000000 -101,000000 0,000000 0,000000
167 1708452660 0,200000 -1,000000 -101,000000 0,000000 0,000000
167 1708452661 0,200000 -1,000000 -101,000000 0,000000 0,000000
167 1708452662 0,200000 -1,000000 -101,000000 0,000000 0,000000
167 1708452663 0,200000 -1,000000 -101,000000 0,000000 0,000000
167 1708452664 0,200000 -1,000000 -101,000000 0,000000 0,000000
167 1708452665 1,000000 -1,000000 -101,000000 0,000000 0,000000
167 1708452666 1,000000 -1,000000 -101,000000 0,000000 0,000000
167 1708452667 1,000000 -1,000000 -101,000000 0,000000 0,000000
167 1708452668 1,000000 -1,000000 -101,000000 0,000000 0,000000
167 1708452669 1,000000 -1,000000 -101,000000 0,000000 0,000000
167 1708452670 0,800000 -1,000000 -101,000000 0,000000 0,000000
167 1708452671 0,800000 -1,000000 -101,000000 0,000000 0,000000
167 1708452672 0,800000 -1,000000 -101,000000 0,000000 0,000000
167 1708452673 0,800000 -1,000000 -101,000000 0,000000 0,000000
167 1708452674 0,800000 -1,000000 -101,000000 0,000000 0,000000
167 1708452675 2,000000 -1,000000 -101,000000 0,000000 0,000000
167 1708452676 2,000000 -1,000000 -101,000000 0,000000 0,000000
167 1708452677 2,000000 -1,000000 -101,000000 0,000000 0,000000
167 1708452678 2,000000 -1,000000 -101,000000 0,000000 0,000000
167 1708452679 2,000000 -1,000000 -101,000000 0,000000 0,000000
167 1708452680 1,400000 -1,000000 -101,000000 0,000000 0,000000
167 1708452681 1,400000 -1,000000 -101,000000 0,000000 0,000000
167 1708452682 1,400000 -1,000000 -101,000000 0,000000 0,000000
167 1708452683 1,400000 -1,000000 -101,000000 0,000000 0,000000
167 1708452684 1,400000 -1,000000 -101,000000 0,000000 0,000000
167 1708452685 1,600000 -1,000000 -101,000000 0,000000 0,000000
167 1708452686 1,600000 -1,000000 -101,000000 0,000000 0,000000
167 1708452687 1,600000 -1,000000 -101,000000 0,000000 0,000000
167 1708452749 1,400000 -1,000000 1,400000 1,400000 0,000000
167 1708452748 1,400000 -1,000000 1,400000 1,400000 0,000000
167 1708452747 1,400000 -1,000000 1,400000 1,400000 0,000000
167 1708452746 1,400000 -1,000000 1,400000 1,400000 0,000000
167 1708452745 1,400000 -1,000000 1,400000 1,400000 0,000000
167 1708452744 1,200000 -1,000000 1,200000 1,200000 0,000000
167 1708452743 1,200000 -1,000000 1,200000 1,200000 0,000000
167 1708452742 1,200000 -1,000000 1,200000 1,200000 0,000000
167 1708452741 1,200000 -1,000000 1,200000 1,200000 0,000000
167 1708452740 1,200000 -1,000000 1,200000 1,200000 0,000000
167 1708452739 1,400000 -1,000000 1,400000 1,400000 0,000000
167 1708452738 1,400000 -1,000000 1,400000 1,400000 0,000000
167 1708452737 1,400000 -1,000000 1,400000 1,400000 0,000000
167 1708452736 1,400000 -1,000000 1,400000 1,400000 0,000000
167 1708452735 1,400000 -1,000000 1,400000 1,400000 0,000000
167 1708452734 1,000000 -1,000000 1,000000 1,000000 0,000000
167 1708452733 1,000000 -1,000000 1,000000 1,000000 0,000000
167 1708452732 1,000000 -1,000000 1,000000 1,000000 0,000000
167 1708452731 1,000000 -1,000000 1,000000 1,000000 0,000000
167 1708452730 1,000000 -1,000000 1,000000 1,000000 0,000000
167 1708452729 2,600000 -1,000000 2,600000 2,600000 0,000000
167 1708452728 2,600000 -1,000000 2,600000 2,600000 0,000000
167 1708452727 2,600000 -1,000000 2,600000 2,600000 0,000000
167 1708452726 2,600000 -1,000000 2,600000 2,600000 0,000000
167 1708452725 2,600000 -1,000000 2,600000 2,600000 0,000000
167 1708452724 0,400000 -1,000000 0,400000 0,400000 0,000000
167 1708452723 0,400000 -1,000000 0,400000 0,400000 0,000000
167 1708452722 0,400000 -1,000000 0,400000 0,400000 0,000000
167 1708452721 0,400000 -1,000000 0,400000 0,400000 0,000000
167 1708452720 0,400000 -1,000000 0,400000 0,400000 0,000000
167 1708452719 0,200000 -1,000000 0,200000 0,200000 0,000000
167 1708452718 0,200000 -1,000000 0,200000 0,200000 0,000000
167 1708452717 0,200000 -1,000000 0,200000 0,200000 0,000000
167 1708452716 0,200000 -1,000000 0,200000 0,200000 0,000000
167 1708452715 0,200000 -1,000000 0,200000 0,200000 0,000000
167 1708452714 0,800000 -1,000000 0,800000 0,800000 0,000000
167 1708452713 0,800000 -1,000000 0,800000 0,800000 0,000000
167 1708452712 0,800000 -1,000000 0,800000 0,800000 0,000000
167 1708452711 0,800000 -1,000000 0,800000 0,800000 0,000000
167 1708452710 0,800000 -1,000000 0,800000 0,800000 0,000000
167 1708452709 0,200000 -1,000000 0,200000 0,200000 0,000000
167 1708452708 0,200000 -1,000000 0,200000 0,200000 0,000000
167 1708452707 0,200000 -1,000000 0,200000 0,200000 0,000000
167 1708452706 0,200000 -1,000000 0,200000 0,200000 0,000000
167 1708452705 0,200000 -1,000000 0,200000 0,200000 0,000000
167 1708452704 0,800000 -1,000000 0,800000 0,800000 0,000000
167 1708452703 0,800000 -1,000000 0,800000 0,800000 0,000000
167 1708452702 0,800000 -1,000000 0,800000 0,800000 0,000000
167 1708452701 0,800000 -1,000000 0,800000 0,800000 0,000000
167 1708452700 0,800000 -1,000000 0,800000 0,800000 0,000000
167 1708452699 1,800000 -1,000000 1,800000 1,800000 0,000000
167 1708452698 1,800000 -1,000000 1,800000 1,800000 0,000000
167 1708452697 1,800000 -1,000000 1,800000 1,800000 0,000000
167 1708452696 1,800000 -1,000000 1,800000 1,800000 0,000000
167 1708452695 1,800000 -1,000000 1,800000 1,800000 0,000000
167 1708452694 1,800000 -1,000000 1,800000 1,800000 0,000000
167 1708452693 1,800000 -1,000000 1,800000 1,800000 0,000000
167 1708452692 1,800000 -1,000000 1,800000 1,800000 0,000000
167 1708452691 1,800000 -1,000000 1,800000 1,800000 0,000000
167 1708452690 1,800000 -1,000000 1,800000 1,800000 0,000000
167 1708452689 1,600000 -1,000000 1,600000 1,600000 0,000000
167 1708452688 1,600000 -1,000000 1,600000 1,600000 0,000000
167 1708452688 1,600000 -1,000000 -101,000000 0,000000 0,000000
167 1708452689 1,600000 -1,000000 -101,000000 0,000000 0,000000
167 1708452690 1,800000 -1,000000 -101,000000 0,000000 0,000000
167 1708452691 1,800000 -1,000000 -101,000000 0,000000 0,000000
167 1708452692 1,800000 -1,000000 -101,000000 0,000000 0,000000
167 1708452693 1,800000 -1,000000 -101,000000 0,000000 0,000000
167 1708452694 1,800000 -1,000000 -101,000000 0,000000 0,000000
167 1708452695 1,800000 -1,000000 -101,000000 0,000000 0,000000
167 1708452696 1,800000 -1,000000 -101,000000 0,000000 0,000000
167 1708452697 1,800000 -1,000000 -101,000000 0,000000 0,000000
167 1708452698 1,800000 -1,000000 -101,000000 0,000000 0,000000
167 1708452699 1,800000 -1,000000 -101,000000 0,000000 0,000000
167 1708452700 0,800000 -1,000000 -101,000000 0,000000 0,000000
167 1708452701 0,800000 -1,000000 -101,000000 0,000000 0,000000
167 1708452702 0,800000 -1,000000 -101,000000 0,000000 0,000000
167 1708452703 0,800000 -1,000000 -101,000000 0,000000 0,000000
167 1708452704 0,800000 -1,000000 -101,000000 0,000000 0,000000
167 1708452705 0,200000 -1,000000 -101,000000 0,000000 0,000000
167 1708452706 0,200000 -1,000000 -101,000000 0,000000 0,000000
167 1708452707 0,200000 -1,000000 -101,000000 0,000000 0,000000
167 1708452708 0,200000 -1,000000 -101,000000 0,000000 0,000000
167 1708452709 0,200000 -1,000000 -101,000000 0,000000 0,000000
167 1708452710 0,800000 -1,000000 -101,000000 0,000000 0,000000
167 1708452711 0,800000 -1,000000 -101,000000 0,000000 0,000000
167 1708452712 0,800000 -1,000000 -101,000000 0,000000 0,000000
167 1708452713 0,800000 -1,000000 -101,000000 0,000000 0,000000
167 1708452714 0,800000 -1,000000 -101,000000 0,000000 0,000000
167 1708452715 0,200000 -1,000000 -101,000000 0,000000 0,000000
167 1708452716 0,200000 -1,000000 -101,000000 0,000000 0,000000
167 1708452717 0,200000 -1,000000 -101,000000 0,000000 0,000000
167 1708452718 0,200000 -1,000000 -101,000000 0,000000 0,000000
167 1708452719 0,200000 -1,000000 -101,000000 0,000000 0,000000
167 1708452720 0,400000 -1,000000 -101,000000 0,000000 0,000000
167 1708452721 0,400000 -1,000000 -101,000000 0,000000 0,000000
167 1708452722 0,400000 -1,000000 -101,000000 0,000000 0,000000
167 1708452723 0,400000 -1,000000 -101,000000 0,000000 0,000000
167 1708452724 0,400000 -1,000000 -101,000000 0,000000 0,000000
167 1708452725 2,600000 -1,000000 -101,000000 0,000000 0,000000
167 1708452726 2,600000 -1,000000 -101,000000 0,000000 0,000000
167 1708452727 2,600000 -1,000000 -101,000000 0,000000 0,000000
167 1708452728 2,600000 -1,000000 -101,000000 0,000000 0,000000
167 1708452729 2,600000 -1,000000 -101,000000 0,000000 0,000000
167 1708452730 1,000000 -1,000000 -101,000000 0,000000 0,000000
167 1708452731 1,000000 -1,000000 -101,000000 0,000000 0,000000
167 1708452732 1,000000 -1,000000 -101,000000 0,000000 0,000000
167 1708452733 1,000000 -1,000000 -101,000000 0,000000 0,000000
167 1708452734 1,000000 -1,000000 -101,000000 0,000000 0,000000
167 1708452735 1,400000 -1,000000 -101,000000 0,000000 0,000000
167 1708452736 1,400000 -1,000000 -101,000000 0,000000 0,000000
167 1708452737 1,400000 -1,000000 -101,000000 0,000000 0,000000
167 1708452738 1,400000 -1,000000 -101,000000 0,000000 0,000000
167 1708452739 1,400000 -1,000000 -101,000000 0,000000 0,000000
167 1708452740 1,200000 -1,000000 -101,000000 0,000000 0,000000
167 1708452741 1,200000 -1,000000 -101,000000 0,000000 0,000000
167 1708452742 1,200000 -1,000000 -101,000000 0,000000 0,000000
167 1708452743 1,200000 -1,000000 -101,000000 0,000000 0,000000
167 1708452744 1,200000 -1,000000 -101,000000 0,000000 0,000000
167 1708452745 1,400000 -1,000000 -101,000000 0,000000 0,000000
167 1708452746 1,400000 -1,000000 -101,000000 0,000000 0,000000
167 1708452747 1,400000 -1,000000 -101,000000 0,000000 0,000000
167 1708452748 1,400000 -1,000000 -101,000000 0,000000 0,000000
167 1708452749 1,400000 -1,000000 -101,000000 0,000000 0,000000
167 1708452750 0,600000 -1,000000 -101,000000 0,000000 0,000000
167 1708452751 0,600000 -1,000000 -101,000000 0,000000 0,000000
167 1708452752 0,600000 -1,000000 -101,000000 0,000000 0,000000
167 1708452753 0,600000 -1,000000 -101,000000 0,000000 0,000000
167 1708452754 0,600000 -1,000000 -101,000000 0,000000 0,000000
167 1708452755 1,800000 -1,000000 -101,000000 0,000000 0,000000
167 1708452756 1,800000 -1,000000 -101,000000 0,000000 0,000000
167 1708452757 1,800000 -1,000000 -101,000000 0,000000 0,000000
167 1708452758 1,800000 -1,000000 -101,000000 0,000000 0,000000
167 1708452759 1,800000 -1,000000 -101,000000 0,000000 0,000000
167 1708452760 2,600000 -1,000000 -101,000000 0,000000 0,000000
167 1708452761 2,600000 -1,000000 -101,000000 0,000000 0,000000
167 1708452762 2,600000 -1,000000 -101,000000 0,000000 0,000000
167 1708452763 2,600000 -1,000000 -101,000000 0,000000 0,000000
167 1708452764 2,600000 -1,000000 -101,000000 0,000000 0,000000
167 1708452765 0,200000 -1,000000 -101,000000 0,000000 0,000000
167 1708452766 0,200000 -1,000000 -101,000000 0,000000 0,000000
167 1708452767 0,200000 -1,000000 -101,000000 0,000000 0,000000
167 1708452768 0,200000 -1,000000 -101,000000 0,000000 0,000000
167 1708452769 0,200000 -1,000000 -101,000000 0,000000 0,000000
167 1708452770 1,600000 -1,000000 -101,000000 0,000000 0,000000
167 1708452771 1,600000 -1,000000 -101,000000 0,000000 0,000000
167 1708452772 1,600000 -1,000000 -101,000000 0,000000 0,000000
167 1708452773 1,600000 -1,000000 -101,000000 0,000000 0,000000
167 1708452774 1,600000 -1,000000 -101,000000 0,000000 0,000000
167 1708452780 0,400000 -1,000000 -101,000000 0,000000 0,000000
167 1708452781 0,400000 -1,000000 -101,000000 0,000000 0,000000
167 1708452782 0,400000 -1,000000 -101,000000 0,000000 0,000000
167 1708452783 0,400000 -1,000000 -101,000000 0,000000 0,000000
167 1708452784 0,400000 -1,000000 -101,000000 0,000000 0,000000
167 1708452785 1,600000 -1,000000 -101,000000 0,000000 0,000000
167 1708452786 1,600000 -1,000000 -101,000000 0,000000 0,000000
167 1708452787 1,600000 -1,000000 -101,000000 0,000000 0,000000
167 1708452788 1,600000 -1,000000 -101,000000 0,000000 0,000000
167 1708452789 1,600000 -1,000000 -101,000000 0,000000 0,000000
167 1708452790 1,000000 -1,000000 -101,000000 0,000000 0,000000
167 1708452791 1,000000 -1,000000 -101,000000 0,000000 0,000000
167 1708452792 1,000000 -1,000000 -101,000000 0,000000 0,000000
167 1708452793 1,000000 -1,000000 -101,000000 0,000000 0,000000
167 1708452794 1,000000 -1,000000 -101,000000 0,000000 0,000000
167 1708452795 0,600000 -1,000000 -101,000000 0,000000 0,000000
167 1708452796 0,600000 -1,000000 -101,000000 0,000000 0,000000
167 1708452797 0,600000 -1,000000 -101,000000 0,000000 0,000000
167 1708452798 0,600000 -1,000000 -101,000000 0,000000 0,000000
167 1708452799 0,600000 -1,000000 -101,000000 0,000000 0,000000
167 1708452800 1,400000 -1,000000 -101,000000 0,000000 0,000000
167 1708452801 1,400000 -1,000000 -101,000000 0,000000 0,000000
167 1708452802 1,400000 -1,000000 -101,000000 0,000000 0,000000
167 1708452803 1,400000 -1,000000 -101,000000 0,000000 0,000000
167 1708452804 1,400000 -1,000000 -101,000000 0,000000 0,000000
167 1708452805 1,800000 -1,000000 -101,000000 0,000000 0,000000
167 1708452806 1,800000 -1,000000 -101,000000 0,000000 0,000000
167 1708452807 1,800000 -1,000000 -101,000000 0,000000 0,000000
167 1708452808 1,800000 -1,000000 -101,000000 0,000000 0,000000
167 1708452809 1,800000 -1,000000 -101,000000 0,000000 0,000000
167 1708452810 1,200000 -1,000000 -101,000000 0,000000 0,000000
167 1708452811 1,200000 -1,000000 -101,000000 0,000000 0,000000
167 1708452812 1,200000 -1,000000 -101,000000 0,000000 0,000000
167 1708452813 1,200000 -1,000000 -101,000000 0,000000 0,000000
167 1708452814 1,200000 -1,000000 -101,000000 0,000000 0,000000
167 1708452815 1,400000 -1,000000 -101,000000 0,000000 0,000000
167 1708452816 1,400000 -1,000000 -101,000000 0,000000 0,000000
167 1708452817 1,400000 -1,000000 -101,000000 0,000000 0,000000
167 1708452818 1,400000 -1,000000 -101,000000 0,000000 0,000000
167 1708452819 1,400000 -1,000000 -101,000000 0,000000 0,000000
167 1708452820 0,800000 -1,000000 -101,000000 0,000000 0,000000
167 1708452821 0,800000 -1,000000 -101,000000 0,000000 0,000000
167 1708452822 0,800000 -1,000000 -101,000000 0,000000 0,000000
167 1708452823 0,800000 -1,000000 -101,000000 0,000000 0,000000
167 1708452824 0,800000 -1,000000 -101,000000 0,000000 0,000000
167 1708452825 0,400000 -1,000000 -101,000000 0,000000 0,000000
167 1708452826 0,400000 -1,000000 -101,000000 0,000000 0,000000
167 1708452827 0,400000 -1,000000 -101,000000 0,000000 0,000000
167 1708452828 0,400000 -1,000000 -101,000000 0,000000 0,000000
167 1708452829 0,400000 -1,000000 -101,000000 0,000000 0,000000
167 1708452830 2,200000 -1,000000 -101,000000 0,000000 0,000000
167 1708452831 2,200000 -1,000000 -101,000000 0,000000 0,000000
167 1708452832 2,200000 -1,000000 -101,000000 0,000000 0,000000
167 1708452833 2,200000 -1,000000 -101,000000 0,000000 0,000000
167 1708452834 2,200000 -1,000000 -101,000000 0,000000 0,000000
167 1708452835 1,600000 -1,000000 -101,000000 0,000000 0,000000
167 1708452836 1,600000 -1,000000 -101,000000 0,000000 0,000000
167 1708452837 1,600000 -1,000000 -101,000000 0,000000 0,000000
167 1708452838 1,600000 -1,000000 -101,000000 0,000000 0,000000
167 1708452839 1,600000 -1,000000 -101,000000 0,000000 0,000000
167 1708452840 1,400000 -1,000000 -101,000000 0,000000 0,000000
167 1708452841 1,400000 -1,000000 -101,000000 0,000000 0,000000
167 1708452842 1,400000 -1,000000 -101,000000 0,000000 0,000000
167 1708452843 1,400000 -1,000000 -101,000000 0,000000 0,000000
167 1708452844 1,400000 -1,000000 -101,000000 0,000000 0,000000
167 1708452845 1,800000 -1,000000 -101,000000 0,000000 0,000000
167 1708452846 1,800000 -1,000000 -101,000000 0,000000 0,000000
167 1708452847 1,800000 -1,000000 -101,000000 0,000000 0,000000
167 1708452848 1,800000 -1,000000 -101,000000 0,000000 0,000000
167 1708452849 1,800000 -1,000000 -101,000000 0,000000 0,000000
167 1708452850 0,200000 -1,000000 -101,000000 0,000000 0,000000
167 1708452851 0,200000 -1,000000 -101,000000 0,000000 0,000000
167 1708452852 0,200000 -1,000000 -101,000000 0,000000 0,000000
167 1708452853 0,200000 -1,000000 -101,000000 0,000000 0,000000
167 1708452854 0,200000 -1,000000 -101,000000 0,000000 0,000000
167 1708452855 0,600000 -1,000000 -101,000000 0,000000 0,000000
167 1708452856 0,600000 -1,000000 -101,000000 0,000000 0,000000
167 1708452857 0,600000 -1,000000 -101,000000 0,000000 0,000000
167 1708452858 0,600000 -1,000000 -101,000000 0,000000 0,000000
167 1708452859 0,600000 -1,000000 -101,000000 0,000000 0,000000
167 1708452860 0,400000 -1,000000 -101,000000 0,000000 0,000000
167 1708452861 0,400000 -1,000000 -101,000000 0,000000 0,000000
167 1708452862 0,400000 -1,000000 -101,000000 0,000000 0,000000
167 1708452863 0,400000 -1,000000 -101,000000 0,000000 0,000000
167 1708452864 0,400000 -1,000000 -101,000000 0,000000 0,000000
167 1708452865 1,000000 -1,000000 -101,000000 0,000000 0,000000
167 1708452866 1,000000 -1,000000 -101,000000 0,000000 0,000000
167 1708452867 1,000000 -1,000000 -101,000000 0,000000 0,000000
167 1708452868 1,000000 -1,000000 -101,000000 0,000000 0,000000
167 1708452869 1,000000 -1,000000 -101,000000 0,000000 0,000000
167 1708452870 0,200000 -1,000000 -101,000000 0,000000 0,000000
167 1708452871 0,200000 -1,000000 -101,000000 0,000000 0,000000
167 1708452872 0,200000 -1,000000 -101,000000 0,000000 0,000000
167 1708452873 0,200000 -1,000000 -101,000000 0,000000 0,000000
167 1708452874 0,200000 -1,000000 -101,000000 0,000000 0,000000
167 1708452875 2,000000 -1,000000 -101,000000 0,000000 0,000000
167 1708452876 2,000000 -1,000000 -101,000000 0,000000 0,000000
167 1708452877 2,000000 -1,000000 -101,000000 0,000000 0,000000
167 1708452878 2,000000 -1,000000 -101,000000 0,000000 0,000000
167 1708452879 2,000000 -1,000000 -101,000000 0,000000 0,000000
167 1708452880 1,400000 -1,000000 -101,000000 0,000000 0,000000
167 1708452881 1,400000 -1,000000 -101,000000 0,000000 0,000000
167 1708452882 1,400000 -1,000000 -101,000000 0,000000 0,000000
167 1708452883 1,400000 -1,000000 -101,000000 0,000000 0,000000
167 1708452884 1,400000 -1,000000 -101,000000 0,000000 0,000000
167 1708452885 1,800000 -1,000000 -101,000000 0,000000 0,000000
167 1708452886 1,800000 -1,000000 -101,000000 0,000000 0,000000
167 1708452887 1,800000 -1,000000 -101,000000 0,000000 0,000000
167 1708452888 1,800000 -1,000000 -101,000000 0,000000 0,000000
167 1708452889 1,800000 -1,000000 -101,000000 0,000000 0,000000
167 1708452890 2,400000 -1,000000 -101,000000 0,000000 0,000000
167 1708452891 2,400000 -1,000000 -101,000000 0,000000 0,000000
167 1708452892 2,400000 -1,000000 -101,000000 0,000000 0,000000
167 1708452893 2,400000 -1,000000 -101,000000 0,000000 0,000000
167 1708452894 2,400000 -1,000000 -101,000000 0,000000 0,000000
167 1708452895 0,200000 -1,000000 -101,000000 0,000000 0,000000
167 1708452896 0,200000 -1,000000 -101,000000 0,000000 0,000000
167 1708452897 0,200000 -1,000000 -101,000000 0,000000 0,000000
167 1708452898 0,200000 -1,000000 -101,000000 0,000000 0,000000
167 1708452899 0,200000 -1,000000 -101,000000 0,000000 0,000000
167 1708452900 1,200000 -1,000000 -101,000000 0,000000 0,000000
167 1708452901 1,200000 -1,000000 -101,000000 0,000000 0,000000
167 1708452902 1,200000 -1,000000 -101,000000 0,000000 0,000000
167 1708452903 1,200000 -1,000000 -101,000000 0,000000 0,000000
167 1708452904 1,200000 -1,000000 -101,000000 0,000000 0,000000
167 1708452905 1,000000 -1,000000 -101,000000 0,000000 0,000000
167 1708452906 1,000000 -1,000000 -101,000000 0,000000 0,000000
167 1708452907 1,000000 -1,000000 -101,000000 0,000000 0,000000
167 1708452908 1,000000 -1,000000 -101,000000 0,000000 0,000000
167 1708452909 1,000000 -1,000000 -101,000000 0,000000 0,000000
167 1708452910 0,600000 -1,000000 -101,000000 0,000000 0,000000
167 1708452911 0,600000 -1,000000 -101,000000 0,000000 0,000000
167 1708452912 0,600000 -1,000000 -101,000000 0,000000 0,000000
167 1708452913 0,600000 -1,000000 -101,000000 0,000000 0,000000
167 1708452914 0,600000 -1,000000 -101,000000 0,000000 0,000000
167 1708452915 2,400000 -1,000000 -101,000000 0,000000 0,000000
167 1708452916 2,400000 -1,000000 -101,000000 0,000000 0,000000
167 1708452917 2,400000 -1,000000 -101,000000 0,000000 0,000000
167 1708452918 2,400000 -1,000000 -101,000000 0,000000 0,000000
167 1708452919 2,400000 -1,000000 -101,000000 0,000000 0,000000
167 1708452920 0,800000 -1,000000 -101,000000 0,000000 0,000000
167 1708452921 0,800000 -1,000000 -101,000000 0,000000 0,000000
167 1708452922 0,800000 -1,000000 -101,000000 0,000000 0,000000
167 1708452923 0,800000 -1,000000 -101,000000 0,000000 0,000000
167 1708452924 0,800000 -1,000000 -101,000000 0,000000 0,000000
167 1708452925 0,800000 -1,000000 -101,000000 0,000000 0,000000
167 1708452926 0,800000 -1,000000 -101,000000 0,000000 0,000000
167 1708452927 0,800000 -1,000000 -101,000000 0,000000 0,000000
167 1708452928 0,800000 -1,000000 -101,000000 0,000000 0,000000
167 1708452929 0,800000 -1,000000 -101,000000 0,000000 0,000000
167 1708452930 0,200000 -1,000000 -101,000000 0,000000 0,000000
167 1708452931 0,200000 -1,000000 -101,000000 0,000000 0,000000
167 1708452932 0,200000 -1,000000 -101,000000 0,000000 0,000000
167 1708452933 0,200000 -1,000000 -101,000000 0,000000 0,000000
167 1708452934 0,200000 -1,000000 -101,000000 0,000000 0,000000
167 1708452935 1,200000 -1,000000 -101,000000 0,000000 0,000000
167 1708452936 1,200000 -1,000000 -101,000000 0,000000 0,000000
167 1708452937 1,200000 -1,000000 -101,000000 0,000000 0,000000
167 1708452938 1,200000 -1,000000 -101,000000 0,000000 0,000000
167 1708452939 1,200000 -1,000000 -101,000000 0,000000 0,000000
167 1708452940 1,600000 -1,000000 -101,000000 0,000000 0,000000
167 1708452941 1,600000 -1,000000 -101,000000 0,000000 0,000000
167 1708452942 1,600000 -1,000000 -101,000000 0,000000 0,000000
167 1708452943 1,600000 -1,000000 -101,000000 0,000000 0,000000
167 1708452944 1,600000 -1,000000 -101,000000 0,000000 0,000000
167 1708452945 2,000000 -1,000000 -101,000000 0,000000 0,000000
167 1708452946 2,000000 -1,000000 -101,000000 0,000000 0,000000
167 1708452947 2,000000 -1,000000 -101,000000 0,000000 0,000000
167 1708452948 2,000000 -1,000000 -101,000000 0,000000 0,000000
167 1708452949 2,000000 -1,000000 -101,000000 0,000000 0,000000
167 1708452950 1,000000 -1,000000 -101,000000 0,000000 0,000000
167 1708452951 1,000000 -1,000000 -101,000000 0,000000 0,000000
167 1708452952 1,000000 -1,000000 -101,000000 0,000000 0,000000
167 1708452953 1,000000 -1,000000 -101,000000 0,000000 0,000000
167 1708452954 1,000000 -1,000000 -101,000000 0,000000 0,000000
167 1708452955 0,600000 -1,000000 -101,000000 0,000000 0,000000
167 1708452956 0,600000 -1,000000 -101,000000 0,000000 0,000000
167 1708452957 0,600000 -1,000000 -101,000000 0,000000 0,000000
167 1708452958 0,600000 -1,000000 -101,000000 0,000000 0,000000
167 1708452959 0,600000 -1,000000 -101,000000 0,000000 0,000000
167 1708452960 0,400000 -1,000000 -101,000000 0,000000 0,000000
167 1708452961 0,400000 -1,000000 -101,000000 0,000000 0,000000
167 1708452962 0,400000 -1,000000 -101,000000 0,000000 0,000000
167 1708452963 0,400000 -1,000000 -101,000000 0,000000 0,000000
167 1708452964 0,400000 -1,000000 -101,000000 0,000000 0,000000
167 1708452965 1,800000 -1,000000 -101,000000 0,000000 0,000000
167 1708452966 1,800000 -1,000000 -101,000000 0,000000 0,000000
167 1708452967 1,800000 -1,000000 -101,000000 0,000000 0,000000
167 1708452968 1,800000 -1,000000 -101,000000 0,000000 0,000000
167 1708452969 1,800000 -1,000000 -101,000000 0,000000 0,000000
167 1708452970 0,800000 -1,000000 -101,000000 0,000000 0,000000
167 1708452971 0,800000 -1,000000 -101,000000 0,000000 0,000000
167 1708452972 0,800000 -1,000000 -101,000000 0,000000 0,000000
167 1708452973 0,800000 -1,000000 -101,000000 0,000000 0,000000
167 1708452974 0,800000 -1,000000 -101,000000 0,000000 0,000000
167 1708452975 1,600000 -1,000000 -101,000000 0,000000 0,000000
167 1708452976 1,600000 -1,000000 -101,000000 0,000000 0,000000
167 1708452977 1,600000 -1,000000 -101,000000 0,000000 0,000000
167 1708452978 1,600000 -1,000000 -101,000000 0,000000 0,000000
167 1708452979 1,600000 -1,000000 -101,000000 0,000000 0,000000
167 1708452980 0,600000 -1,000000 -101,000000 0,000000 0,000000
167 1708452981 0,600000 -1,000000 -101,000000 0,000000 0,000000
167 1708452982 0,600000 -1,000000 -101,000000 0,000000 0,000000
167 1708452983 0,600000 -1,000000 -101,000000 0,000000 0,000000
167 1708452984 0,600000 -1,000000 -101,000000 0,000000 0,000000
167 1708452985 1,000000 -1,000000 -101,000000 0,000000 0,000000
167 1708452986 1,000000 -1,000000 -101,000000 0,000000 0,000000
167 1708452987 1,000000 -1,000000 -101,000000 0,000000 0,000000
167 1708452988 1,000000 -1,000000 -101,000000 0,000000 0,000000
167 1708452989 1,000000 -1,000000 -101,000000 0,000000 0,000000
167 1708452990 2,000000 -1,000000 -101,000000 0,000000 0,000000
167 1708452991 2,000000 -1,000000 -101,000000 0,000000 0,000000
167 1708452992 2,000000 -1,000000 -101,000000 0,000000 0,000000
167 1708452993 2,000000 -1,000000 -101,000000 0,000000 0,000000
167 1708452994 2,000000 -1,000000 -101,000000 0,000000 0,000000
167 1708452995 2,200000 -1,000000 -101,000000 0,000000 0,000000
167 1708452996 2,200000 -1,000000 -101,000000 0,000000 0,000000
167 1708452997 2,200000 -1,000000 -101,000000 0,000000 0,000000
167 1708452998 2,200000 -1,000000 -101,000000 0,000000 0,000000
167 1708452999 2,200000 -1,000000 -101,000000 0,000000 0,000000
167 1708453000 1,400000 -1,000000 -101,000000 0,000000 0,000000
167 1708453001 1,400000 -1,000000 -101,000000 0,000000 0,000000
167 1708453002 1,400000 -1,000000 -101,000000 0,000000 0,000000
167 1708453003 1,400000 -1,000000 -101,000000 0,000000 0,000000
167 1708453004 1,400000 -1,000000 -101,000000 0,000000 0,000000
167 1708453005 0,200000 -1,000000 -101,000000 0,000000 0,000000
167 1708453006 0,200000 -1,000000 -101,000000 0,000000 0,000000
167 1708453007 0,200000 -1,000000 -101,000000 0,000000 0,000000
167 1708453008 0,200000 -1,000000 -101,000000 0,000000 0,000000
167 1708453009 0,200000 -1,000000 -101,000000 0,000000 0,000000
167 1708453010 1,000000 -1,000000 -101,000000 0,000000 0,000000
167 1708453011 1,000000 -1,000000 -101,000000 0,000000 0,000000
167 1708453012 1,000000 -1,000000 -101,000000 0,000000 0,000000
167 1708453013 1,000000 -1,000000 -101,000000 0,000000 0,000000
167 1708453014 1,000000 -1,000000 -101,000000 0,000000 0,000000
167 1708453015 0,200000 -1,000000 -101,000000 0,000000 0,000000
167 1708453016 0,200000 -1,000000 -101,000000 0,000000 0,000000
167 1708453017 0,200000 -1,000000 -101,000000 0,000000 0,000000
167 1708453018 0,200000 -1,000000 -101,000000 0,000000 0,000000
167 1708453019 0,200000 -1,000000 -101,000000 0,000000 0,000000
167 1708453020 1,600000 -1,000000 -101,000000 0,000000 0,000000
167 1708453021 1,600000 -1,000000 -101,000000 0,000000 0,000000
167 1708453022 1,600000 -1,000000 -101,000000 0,000000 0,000000
167 1708453023 1,600000 -1,000000 -101,000000 0,000000 0,000000
167 1708453024 1,600000 -1,000000 -101,000000 0,000000 0,000000
167 1708453025 1,400000 -1,000000 -101,000000 0,000000 0,000000
167 1708453026 1,400000 -1,000000 -101,000000 0,000000 0,000000
167 1708453027 1,400000 -1,000000 -101,000000 0,000000 0,000000
167 1708453028 1,400000 -1,000000 -101,000000 0,000000 0,000000
167 1708453029 1,400000 -1,000000 -101,000000 0,000000 0,000000
167 1708453030 0,200000 -1,000000 -101,000000 0,000000 0,000000
167 1708453031 0,200000 -1,000000 -101,000000 0,000000 0,000000
167 1708453032 0,200000 -1,000000 -101,000000 0,000000 0,000000
167 1708453033 0,200000 -1,000000 -101,000000 0,000000 0,000000
167 1708453034 0,200000 -1,000000 -101,000000 0,000000 0,000000
167 1708453035 1,000000 -1,000000 -101,000000 0,000000 0,000000
167 1708453036 1,000000 -1,000000 -101,000000 0,000000 0,000000
167 1708453037 1,000000 -1,000000 -101,000000 0,000000 0,000000
167 1708453038 1,000000 -1,000000 -101,000000 0,000000 0,000000
167 1708453039 1,000000 -1,000000 -101,000000 0,000000 0,000000
167 1708453040 1,000000 -1,000000 -101,000000 0,000000 0,000000
167 1708453041 1,000000 -1,000000 -101,000000 0,000000 0,000000
167 1708453042 1,000000 -1,000000 -101,000000 0,000000 0,000000
167 1708453043 1,000000 -1,000000 -101,000000 0,000000 0,000000
167 1708453044 1,000000 -1,000000 -101,000000 0,000000 0,000000
167 1708453045 3,200000 -1,000000 -101,000000 0,000000 0,000000
167 1708453046 3,200000 -1,000000 -101,000000 0,000000 0,000000
167 1708453047 3,200000 -1,000000 -101,000000 0,000000 0,000000
167 1708453048 3,200000 -1,000000 -101,000000 0,000000 0,000000
167 1708453049 3,200000 -1,000000 -101,000000 0,000000 0,000000
167 1708453050 1,000000 -1,000000 -101,000000 0,000000 0,000000
167 1708453051 1,000000 -1,000000 -101,000000 0,000000 0,000000
167 1708453052 1,000000 -1,000000 -101,000000 0,000000 0,000000
167 1708453053 1,000000 -1,000000 -101,000000 0,000000 0,000000
167 1708453054 1,000000 -1,000000 -101,000000 0,000000 0,000000
167 1708453055 1,000000 -1,000000 -101,000000 0,000000 0,000000
167 1708453056 1,000000 -1,000000 -101,000000 0,000000 0,000000
167 1708453057 1,000000 -1,000000 -101,000000 0,000000 0,000000
167 1708453058 1,000000 -1,000000 -101,000000 0,000000 0,000000
167 1708453059 1,000000 -1,000000 -101,000000 0,000000 0,000000
167 1708453060 0,800000 -1,000000 -101,000000 0,000000 0,000000
167 1708453061 0,800000 -1,000000 -101,000000 0,000000 0,000000
167 1708453062 0,800000 -1,000000 -101,000000 0,000000 0,000000
167 1708453063 0,800000 -1,000000 -101,000000 0,000000 0,000000
167 1708453064 0,800000 -1,000000 -101,000000 0,000000 0,000000
167 1708453065 1,200000 -1,000000 -101,000000 0,000000 0,000000
167 1708453066 1,200000 -1,000000 -101,000000 0,000000 0,000000
167 1708453067 1,200000 -1,000000 -101,000000 0,000000 0,000000
167 1708453068 1,200000 -1,000000 -101,000000 0,000000 0,000000
167 1708453069 1,200000 -1,000000 -101,000000 0,000000 0,000000
167 1708453070 0,800000 -1,000000 -101,000000 0,000000 0,000000
167 1708453071 0,800000 -1,000000 -101,000000 0,000000 0,000000
167 1708453072 0,800000 -1,000000 -101,000000 0,000000 0,000000
167 1708453073 0,800000 -1,000000 -101,000000 0,000000 0,000000
167 1708453074 0,800000 -1,000000 -101,000000 0,000000 0,000000
167 1708453075 0,800000 -1,000000 -101,000000 0,000000 0,000000
167 1708453076 0,800000 -1,000000 -101,000000 0,000000 0,000000
167 1708453077 0,800000 -1,000000 -101,000000 0,000000 0,000000
167 1708453078 0,800000 -1,000000 -101,000000 0,000000 0,000000
167 1708453079 0,800000 -1,000000 -101,000000 0,000000 0,000000
167 1708453080 1,000000 -1,000000 -101,000000 0,000000 0,000000
167 1708453081 1,000000 -1,000000 -101,000000 0,000000 0,000000
167 1708453082 1,000000 -1,000000 -101,000000 0,000000 0,000000
167 1708453083 1,000000 -1,000000 -101,000000 0,000000 0,000000
167 1708453084 1,000000 -1,000000 -101,000000 0,000000 0,000000
167 1708453085 1,400000 -1,000000 -101,000000 0,000000 0,000000
167 1708453086 1,400000 -1,000000 -101,000000 0,000000 0,000000
167 1708453087 1,400000 -1,000000 -101,000000 0,000000 0,000000
167 1708453088 1,400000 -1,000000 -101,000000 0,000000 0,000000
167 1708453089 1,400000 -1,000000 -101,000000 0,000000 0,000000
167 1708453090 1,200000 -1,000000 -101,000000 0,000000 0,000000
167 1708453091 1,200000 -1,000000 -101,000000 0,000000 0,000000
167 1708453092 1,200000 -1,000000 -101,000000 0,000000 0,000000
167 1708453093 1,200000 -1,000000 -101,000000 0,000000 0,000000
167 1708453094 1,200000 -1,000000 -101,000000 0,000000 0,000000
167 1708453095 2,800000 -1,000000 -101,000000 0,000000 0,000000
167 1708453096 2,800000 -1,000000 -101,000000 0,000000 0,000000
167 1708453097 2,800000 -1,000000 -101,000000 0,000000 0,000000
167 1708453098 2,800000 -1,000000 -101,000000 0,000000 0,000000
167 1708453099 2,800000 -1,000000 -101,000000 0,000000 0,000000
167 1708453100 0,200000 -1,000000 -101,000000 0,000000 0,000000
167 1708453101 0,200000 -1,000000 -101,000000 0,000000 0,000000
167 1708453102 0,200000 -1,000000 -101,000000 0,000000 0,000000
167 1708453103 0,200000 -1,000000 -101,000000 0,000000 0,000000
167 1708453104 0,200000 -1,000000 -101,000000 0,000000 0,000000
167 1708453105 1,000000 -1,000000 -101,000000 0,000000 0,000000
167 1708453106 1,000000 -1,000000 -101,000000 0,000000 0,000000
167 1708453107 1,000000 -1,000000 -101,000000 0,000000 0,000000
167 1708453108 1,000000 -1,000000 -101,000000 0,000000 0,000000
167 1708453109 1,000000 -1,000000 -101,000000 0,000000 0,000000
167 1708453110 0,200000 -1,000000 -101,000000 0,000000 0,000000
167 1708453111 0,200000 -1,000000 -101,000000 0,000000 0,000000
167 1708453112 0,200000 -1,000000 -101,000000 0,000000 0,000000
167 1708453113 0,200000 -1,000000 -101,000000 0,000000 0,000000
167 1708453114 0,200000 -1,000000 -101,000000 0,000000 0,000000
167 1708453115 1,800000 -1,000000 -101,000000 0,000000 0,000000
167 1708453116 1,800000 -1,000000 -101,000000 0,000000 0,000000
167 1708453117 1,800000 -1,000000 -101,000000 0,000000 0,000000
167 1708453118 1,800000 -1,000000 -101,000000 0,000000 0,000000
167 1708453119 1,800000 -1,000000 -101,000000 0,000000 0,000000
167 1708453120 1,000000 -1,000000 -101,000000 0,000000 0,000000
167 1708453121 1,000000 -1,000000 -101,000000 0,000000 0,000000
167 1708453122 1,000000 -1,000000 -101,000000 0,000000 0,000000
167 1708453123 1,000000 -1,000000 -101,000000 0,000000 0,000000
167 1708453124 1,000000 -1,000000 -101,000000 0,000000 0,000000
167 1708453125 1,200000 -1,000000 -101,000000 0,000000 0,000000
167 1708453126 1,200000 -1,000000 -101,000000 0,000000 0,000000
167 1708453127 1,200000 -1,000000 -101,000000 0,000000 0,000000
167 1708453128 1,200000 -1,000000 -101,000000 0,000000 0,000000
167 1708453129 1,200000 -1,000000 -101,000000 0,000000 0,000000
167 1708453130 1,400000 -1,000000 -101,000000 0,000000 0,000000
167 1708453131 1,400000 -1,000000 -101,000000 0,000000 0,000000
167 1708453132 1,400000 -1,000000 -101,000000 0,000000 0,000000
167 1708453133 1,400000 -1,000000 -101,000000 0,000000 0,000000
167 1708453134 1,400000 -1,000000 -101,000000 0,000000 0,000000
167 1708453140 1,400000 -1,000000 -101,000000 0,000000 0,000000
167 1708453141 1,400000 -1,000000 -101,000000 0,000000 0,000000
167 1708453142 1,400000 -1,000000 -101,000000 0,000000 0,000000
167 1708453143 1,400000 -1,000000 -101,000000 0,000000 0,000000
167 1708453144 1,400000 -1,000000 -101,000000 0,000000 0,000000
167 1708453145 2,000000 -1,000000 -101,000000 0,000000 0,000000
167 1708453146 2,000000 -1,000000 -101,000000 0,000000 0,000000
167 1708453147 2,000000 -1,000000 -101,000000 0,000000 0,000000
167 1708453148 2,000000 -1,000000 -101,000000 0,000000 0,000000
167 1708453149 2,000000 -1,000000 -101,000000 0,000000 0,000000
167 1708453150 0,400000 -1,000000 -101,000000 0,000000 0,000000
167 1708453151 0,400000 -1,000000 -101,000000 0,000000 0,000000
167 1708453152 0,400000 -1,000000 -101,000000 0,000000 0,000000
167 1708453153 0,400000 -1,000000 -101,000000 0,000000 0,000000
167 1708453154 0,400000 -1,000000 -101,000000 0,000000 0,000000
167 1708453155 1,800000 -1,000000 -101,000000 0,000000 0,000000
167 1708453156 1,800000 -1,000000 -101,000000 0,000000 0,000000
167 1708453157 1,800000 -1,000000 -101,000000 0,000000 0,000000
167 1708453158 1,800000 -1,000000 -101,000000 0,000000 0,000000
167 1708453159 1,800000 -1,000000 -101,000000 0,000000 0,000000
167 1708453160 1,400000 -1,000000 -101,000000 0,000000 0,000000
167 1708453161 1,400000 -1,000000 -101,000000 0,000000 0,000000
167 1708453162 1,400000 -1,000000 -101,000000 0,000000 0,000000
167 1708453163 1,400000 -1,000000 -101,000000 0,000000 0,000000
167 1708453164 1,400000 -1,000000 -101,000000 0,000000 0,000000
167 1708453165 1,400000 -1,000000 -101,000000 0,000000 0,000000
167 1708453166 1,400000 -1,000000 -101,000000 0,000000 0,000000
167 1708453167 1,400000 -1,000000 -101,000000 0,000000 0,000000
167 1708453168 1,400000 -1,000000 -101,000000 0,000000 0,000000
167 1708453169 1,400000 -1,000000 -101,000000 0,000000 0,000000
167 1708453170 1,200000 -1,000000 -101,000000 0,000000 0,000000
167 1708453171 1,200000 -1,000000 -101,000000 0,000000 0,000000
167 1708453172 1,200000 -1,000000 -101,000000 0,000000 0,000000
167 1708453173 1,200000 -1,000000 -101,000000 0,000000 0,000000
167 1708453174 1,200000 -1,000000 -101,000000 0,000000 0,000000
167 1708453175 0,800000 -1,000000 -101,000000 0,000000 0,000000
167 1708453176 0,800000 -1,000000 -101,000000 0,000000 0,000000
167 1708453177 0,800000 -1,000000 -101,000000 0,000000 0,000000
167 1708453178 0,800000 -1,000000 -101,000000 0,000000 0,000000
167 1708453179 0,800000 -1,000000 -101,000000 0,000000 0,000000
167 1708453180 1,000000 -1,000000 -101,000000 0,000000 0,000000
167 1708453181 1,000000 -1,000000 -101,000000 0,000000 0,000000
167 1708453182 1,000000 -1,000000 -101,000000 0,000000 0,000000
167 1708453183 1,000000 -1,000000 -101,000000 0,000000 0,000000
167 1708453184 1,000000 -1,000000 -101,000000 0,000000 0,000000
167 1708453185 1,200000 -1,000000 -101,000000 0,000000 0,000000
167 1708453186 1,200000 -1,000000 -101,000000 0,000000 0,000000
167 1708453187 1,200000 -1,000000 -101,000000 0,000000 0,000000
167 1708453188 1,200000 -1,000000 -101,000000 0,000000 0,000000
167 1708453189 1,200000 -1,000000 -101,000000 0,000000 0,000000
167 1708453190 0,800000 -1,000000 -101,000000 0,000000 0,000000
167 1708453191 0,800000 -1,000000 -101,000000 0,000000 0,000000
167 1708453192 0,800000 -1,000000 -101,000000 0,000000 0,000000
167 1708453193 0,800000 -1,000000 -101,000000 0,000000 0,000000
167 1708453194 0,800000 -1,000000 -101,000000 0,000000 0,000000
167 1708453195 0,600000 -1,000000 -101,000000 0,000000 0,000000
167 1708453196 0,600000 -1,000000 -101,000000 0,000000 0,000000
167 1708453197 0,600000 -1,000000 -101,000000 0,000000 0,000000
167 1708453198 0,600000 -1,000000 -101,000000 0,000000 0,000000
167 1708453199 0,600000 -1,000000 -101,000000 0,000000 0,000000
167 1708453200 1,200000 -1,000000 -101,000000 0,000000 0,000000
167 1708453201 1,200000 -1,000000 -101,000000 0,000000 0,000000
167 1708453202 1,200000 -1,000000 -101,000000 0,000000 0,000000
167 1708453203 1,200000 -1,000000 -101,000000 0,000000 0,000000
167 1708453204 1,200000 -1,000000 -101,000000 0,000000 0,000000
167 1708453205 1,800000 -1,000000 -101,000000 0,000000 0,000000
167 1708453206 1,800000 -1,000000 -101,000000 0,000000 0,000000
167 1708453207 1,800000 -1,000000 -101,000000 0,000000 0,000000
167 1708453208 1,800000 -1,000000 -101,000000 0,000000 0,000000
167 1708453209 1,800000 -1,000000 -101,000000 0,000000 0,000000
167 1708453210 0,800000 -1,000000 -101,000000 0,000000 0,000000
167 1708453211 0,800000 -1,000000 -101,000000 0,000000 0,000000
167 1708453212 0,800000 -1,000000 -101,000000 0,000000 0,000000
167 1708453213 0,800000 -1,000000 -101,000000 0,000000 0,000000
167 1708453214 0,800000 -1,000000 -101,000000 0,000000 0,000000
167 1708453215 1,600000 -1,000000 -101,000000 0,000000 0,000000
167 1708453216 1,600000 -1,000000 -101,000000 0,000000 0,000000
167 1708453217 1,600000 -1,000000 -101,000000 0,000000 0,000000
167 1708453218 1,600000 -1,000000 -101,000000 0,000000 0,000000
167 1708453219 1,600000 -1,000000 -101,000000 0,000000 0,000000
167 1708453220 0,200000 -1,000000 -101,000000 0,000000 0,000000
167 1708453221 0,200000 -1,000000 -101,000000 0,000000 0,000000
167 1708453222 0,200000 -1,000000 -101,000000 0,000000 0,000000
167 1708453223 0,200000 -1,000000 -101,000000 0,000000 0,000000
167 1708453224 0,200000 -1,000000 -101,000000 0,000000 0,000000
167 1708453225 1,000000 -1,000000 -101,000000 0,000000 0,000000
167 1708453226 1,000000 -1,000000 -101,000000 0,000000 0,000000
167 1708453227 1,000000 -1,000000 -101,000000 0,000000 0,000000
167 1708453228 1,000000 -1,000000 -101,000000 0,000000 0,000000
167 1708453229 1,000000 -1,000000 -101,000000 0,000000 0,000000
167 1708453230 1,000000 -1,000000 -101,000000 0,000000 0,000000
167 1708453231 1,000000 -1,000000 -101,000000 0,000000 0,000000
167 1708453232 1,000000 -1,000000 -101,000000 0,000000 0,000000
167 1708453233 1,000000 -1,000000 -101,000000 0,000000 0,000000
167 1708453234 1,000000 -1,000000 -101,000000 0,000000 0,000000
167 1708453235 2,400000 -1,000000 -101,000000 0,000000 0,000000
167 1708453236 2,400000 -1,000000 -101,000000 0,000000 0,000000
167 1708453237 2,400000 -1,000000 -101,000000 0,000000 0,000000
167 1708453238 2,400000 -1,000000 -101,000000 0,000000 0,000000
167 1708453239 2,400000 -1,000000 -101,000000 0,000000 0,000000
167 1708453240 1,600000 -1,000000 -101,000000 0,000000 0,000000
167 1708453241 1,600000 -1,000000 -101,000000 0,000000 0,000000
167 1708453242 1,600000 -1,000000 -101,000000 0,000000 0,000000
167 1708453243 1,600000 -1,000000 -101,000000 0,000000 0,000000
167 1708453244 1,600000 -1,000000 -101,000000 0,000000 0,000000
167 1708453245 1,800000 -1,000000 -101,000000 0,000000 0,000000
167 1708453246 1,800000 -1,000000 -101,000000 0,000000 0,000000
167 1708453247 1,800000 -1,000000 -101,000000 0,000000 0,000000
167 1708453248 1,800000 -1,000000 -101,000000 0,000000 0,000000
167 1708453249 1,800000 -1,000000 -101,000000 0,000000 0,000000
167 1708453250 1,400000 -1,000000 -101,000000 0,000000 0,000000
167 1708453251 1,400000 -1,000000 -101,000000 0,000000 0,000000
167 1708453252 1,400000 -1,000000 -101,000000 0,000000 0,000000
167 1708453253 1,400000 -1,000000 -101,000000 0,000000 0,000000
167 1708453254 1,400000 -1,000000 -101,000000 0,000000 0,000000
167 1708453255 1,000000 -1,000000 -101,000000 0,000000 0,000000
167 1708453256 1,000000 -1,000000 -101,000000 0,000000 0,000000
167 1708453257 1,000000 -1,000000 -101,000000 0,000000 0,000000
167 1708453258 1,000000 -1,000000 -101,000000 0,000000 0,000000
167 1708453259 1,000000 -1,000000 -101,000000 0,000000 0,000000
167 1708453260 0,200000 -1,000000 -101,000000 0,000000 0,000000
167 1708453261 0,200000 -1,000000 -101,000000 0,000000 0,000000
167 1708453262 0,200000 -1,000000 -101,000000 0,000000 0,000000
167 1708453263 0,200000 -1,000000 -101,000000 0,000000 0,000000
167 1708453264 0,200000 -1,000000 -101,000000 0,000000 0,000000
167 1708453265 0,800000 -1,000000 -101,000000 0,000000 0,000000
167 1708453266 0,800000 -1,000000 -101,000000 0,000000 0,000000
167 1708453267 0,800000 -1,000000 -101,000000 0,000000 0,000000
167 1708453268 0,800000 -1,000000 -101,000000 0,000000 0,000000
167 1708453269 0,800000 -1,000000 -101,000000 0,000000 0,000000
167 1708453270 0,200000 -1,000000 -101,000000 0,000000 0,000000
167 1708453271 0,200000 -1,000000 -101,000000 0,000000 0,000000
167 1708453272 0,200000 -1,000000 -101,000000 0,000000 0,000000
167 1708453273 0,200000 -1,000000 -101,000000 0,000000 0,000000
167 1708453274 0,200000 -1,000000 -101,000000 0,000000 0,000000
167 1708453275 0,800000 -1,000000 -101,000000 0,000000 0,000000
167 1708453276 0,800000 -1,000000 -101,000000 0,000000 0,000000
167 1708453277 0,800000 -1,000000 -101,000000 0,000000 0,000000
167 1708453278 0,800000 -1,000000 -101,000000 0,000000 0,000000
167 1708453279 0,800000 -1,000000 -101,000000 0,000000 0,000000
167 1708453280 0,600000 -1,000000 -101,000000 0,000000 0,000000
167 1708453281 0,600000 -1,000000 -101,000000 0,000000 0,000000
167 1708453282 0,600000 -1,000000 -101,000000 0,000000 0,000000
167 1708453283 0,600000 -1,000000 -101,000000 0,000000 0,000000
167 1708453284 0,600000 -1,000000 -101,000000 0,000000 0,000000
167 1708453285 2,600000 -1,000000 -101,000000 0,000000 0,000000
167 1708453286 2,600000 -1,000000 -101,000000 0,000000 0,000000
167 1708453287 2,600000 -1,000000 -101,000000 0,000000 0,000000
167 1708453288 2,600000 -1,000000 -101,000000 0,000000 0,000000
167 1708453289 2,600000 -1,000000 -101,000000 0,000000 0,000000
167 1708453290 1,000000 -1,000000 -101,000000 0,000000 0,000000
167 1708453291 1,000000 -1,000000 -101,000000 0,000000 0,000000
167 1708453292 1,000000 -1,000000 -101,000000 0,000000 0,000000
167 1708453293 1,000000 -1,000000 -101,000000 0,000000 0,000000
167 1708453294 1,000000 -1,000000 -101,000000 0,000000 0,000000
167 1708453295 1,600000 -1,000000 -101,000000 0,000000 0,000000
167 1708453296 1,600000 -1,000000 -101,000000 0,000000 0,000000
167 1708453297 1,600000 -1,000000 -101,000000 0,000000 0,000000
167 1708453298 1,600000 -1,000000 -101,000000 0,000000 0,000000
167 1708453299 1,600000 -1,000000 -101,000000 0,000000 0,000000
167 1708453300 1,800000 -1,000000 -101,000000 0,000000 0,000000
167 1708453301 1,800000 -1,000000 -101,000000 0,000000 0,000000
167 1708453302 1,800000 -1,000000 -101,000000 0,000000 0,000000
167 1708453303 1,800000 -1,000000 -101,000000 0,000000 0,000000
167 1708453304 1,800000 -1,000000 -101,000000 0,000000 0,000000
167 1708453305 1,000000 -1,000000 -101,000000 0,000000 0,000000
167 1708453306 1,000000 -1,000000 -101,000000 0,000000 0,000000
167 1708453307 1,000000 -1,000000 -101,000000 0,000000 0,000000
167 1708453308 1,000000 -1,000000 -101,000000 0,000000 0,000000
167 1708453309 1,000000 -1,000000 -101,000000 0,000000 0,000000
167 1708453310 1,000000 -1,000000 -101,000000 0,000000 0,000000
167 1708453311 1,000000 -1,000000 -101,000000 0,000000 0,000000
167 1708453312 1,000000 -1,000000 -101,000000 0,000000 0,000000
167 1708453313 1,000000 -1,000000 -101,000000 0,000000 0,000000
167 1708453314 1,000000 -1,000000 -101,000000 0,000000 0,000000
167 1708453315 1,800000 -1,000000 -101,000000 0,000000 0,000000
167 1708453316 1,800000 -1,000000 -101,000000 0,000000 0,000000
167 1708453317 1,800000 -1,000000 -101,000000 0,000000 0,000000
167 1708453318 1,800000 -1,000000 -101,000000 0,000000 0,000000
167 1708453319 1,800000 -1,000000 -101,000000 0,000000 0,000000
167 1708453320 1,000000 -1,000000 -101,000000 0,000000 0,000000
167 1708453321 1,000000 -1,000000 -101,000000 0,000000 0,000000
167 1708453322 1,000000 -1,000000 -101,000000 0,000000 0,000000
167 1708453323 1,000000 -1,000000 -101,000000 0,000000 0,000000
167 1708453324 1,000000 -1,000000 -101,000000 0,000000 0,000000
167 1708453325 0,800000 -1,000000 -101,000000 0,000000 0,000000
167 1708453326 0,800000 -1,000000 -101,000000 0,000000 0,000000
167 1708453327 0,800000 -1,000000 -101,000000 0,000000 0,000000
167 1708453328 0,800000 -1,000000 -101,000000 0,000000 0,000000
167 1708453329 0,800000 -1,000000 -101,000000 0,000000 0,000000
167 1708453330 1,200000 -1,000000 -101,000000 0,000000 0,000000
167 1708453331 1,200000 -1,000000 -101,000000 0,000000 0,000000
167 1708453332 1,200000 -1,000000 -101,000000 0,000000 0,000000
167 1708453333 1,200000 -1,000000 -101,000000 0,000000 0,000000
167 1708453334 1,200000 -1,000000 -101,000000 0,000000 0,000000
167 1708453335 0,600000 -1,000000 -101,000000 0,000000 0,000000
167 1708453336 0,600000 -1,000000 -101,000000 0,000000 0,000000
167 1708453337 0,600000 -1,000000 -101,000000 0,000000 0,000000
167 1708453338 0,600000 -1,000000 -101,000000 0,000000 0,000000
167 1708453339 0,600000 -1,000000 -101,000000 0,000000 0,000000
167 1708453340 0,400000 -1,000000 -101,000000 0,000000 0,000000
167 1708453341 0,400000 -1,000000 -101,000000 0,000000 0,000000
167 1708453342 0,400000 -1,000000 -101,000000 0,000000 0,000000
167 1708453343 0,400000 -1,000000 -101,000000 0,000000 0,000000
167 1708453344 0,400000 -1,000000 -101,000000 0,000000 0,000000
167 1708453345 1,400000 -1,000000 -101,000000 0,000000 0,000000
167 1708453346 1,400000 -1,000000 -101,000000 0,000000 0,000000
167 1708453347 1,400000 -1,000000 -101,000000 0,000000 0,000000
167 1708453348 1,400000 -1,000000 -101,000000 0,000000 0,000000
167 1708453349 1,400000 -1,000000 -101,000000 0,000000 0,000000
167 1708453350 1,200000 -1,000000 -101,000000 0,000000 0,000000
167 1708453351 1,200000 -1,000000 -101,000000 0,000000 0,000000
167 1708453352 1,200000 -1,000000 -101,000000 0,000000 0,000000
167 1708453353 1,200000 -1,000000 -101,000000 0,000000 0,000000
167 1708453354 1,200000 -1,000000 -101,000000 0,000000 0,000000
167 1708453355 0,800000 -1,000000 -101,000000 0,000000 0,000000
167 1708453356 0,800000 -1,000000 -101,000000 0,000000 0,000000
167 1708453357 0,800000 -1,000000 -101,000000 0,000000 0,000000
167 1708453358 0,800000 -1,000000 -101,000000 0,000000 0,000000
167 1708453359 0,800000 -1,000000 -101,000000 0,000000 0,000000
167 1708453360 2,000000 -1,000000 -101,000000 0,000000 0,000000
167 1708453361 2,000000 -1,000000 -101,000000 0,000000 0,000000
167 1708453362 2,000000 -1,000000 -101,000000 0,000000 0,000000
167 1708453363 2,000000 -1,000000 -101,000000 0,000000 0,000000
167 1708453364 2,000000 -1,000000 -101,000000 0,000000 0,000000
167 1708453365 1,200000 -1,000000 -101,000000 0,000000 0,000000
167 1708453366 1,200000 -1,000000 -101,000000 0,000000 0,000000
167 1708453367 1,200000 -1,000000 -101,000000 0,000000 0,000000
167 1708453368 1,200000 -1,000000 -101,000000 0,000000 0,000000
167 1708453369 1,200000 -1,000000 -101,000000 0,000000 0,000000
167 1708453370 1,600000 -1,000000 -101,000000 0,000000 0,000000
167 1708453371 1,600000 -1,000000 -101,000000 0,000000 0,000000
167 1708453372 1,600000 -1,000000 -101,000000 0,000000 0,000000
167 1708453373 1,600000 -1,000000 -101,000000 0,000000 0,000000
167 1708453374 1,600000 -1,000000 -101,000000 0,000000 0,000000
167 1708453375 0,600000 -1,000000 -101,000000 0,000000 0,000000
167 1708453376 0,600000 -1,000000 -101,000000 0,000000 0,000000
167 1708453377 0,600000 -1,000000 -101,000000 0,000000 0,000000
167 1708453378 0,600000 -1,000000 -101,000000 0,000000 0,000000
167 1708453379 0,600000 -1,000000 -101,000000 0,000000 0,000000
167 1708453380 0,600000 -1,000000 -101,000000 0,000000 0,000000
167 1708453381 0,600000 -1,000000 -101,000000 0,000000 0,000000
167 1708453382 0,600000 -1,000000 -101,000000 0,000000 0,000000
167 1708453383 0,600000 -1,000000 -101,000000 0,000000 0,000000
167 1708453384 0,600000 -1,000000 -101,000000 0,000000 0,000000
167 1708453385 0,800000 -1,000000 -101,000000 0,000000 0,000000
167 1708453386 0,800000 -1,000000 -101,000000 0,000000 0,000000
167 1708453387 0,800000 -1,000000 -101,000000 0,000000 0,000000
167 1708453388 0,800000 -1,000000 -101,000000 0,000000 0,000000
167 1708453389 0,800000 -1,000000 -101,000000 0,000000 0,000000
167 1708453390 1,600000 -1,000000 -101,000000 0,000000 0,000000
167 1708453391 1,600000 -1,000000 -101,000000 0,000000 0,000000
167 1708453392 1,600000 -1,000000 -101,000000 0,000000 0,000000
167 1708453393 1,600000 -1,000000 -101,000000 0,000000 0,000000
167 1708453394 1,600000 -1,000000 -101,000000 0,000000 0,000000
167 1708453395 1,600000 -1,000000 -101,000000 0,000000 0,000000
167 1708453396 1,600000 -1,000000 -101,000000 0,000000 0,000000
167 1708453397 1,600000 -1,000000 -101,000000 0,000000 0,000000
167 1708453398 1,600000 -1,000000 -101,000000 0,000000 0,000000
167 1708453399 1,600000 -1,000000 -101,000000 0,000000 0,000000
167 1708453400 3,000000 -1,000000 -101,000000 0,000000 0,000000
167 1708453401 3,000000 -1,000000 -101,000000 0,000000 0,000000
167 1708453402 3,000000 -1,000000 -101,000000 0,000000 0,000000
167 1708453403 3,000000 -1,000000 -101,000000 0,000000 0,000000
167 1708453404 3,000000 -1,000000 -101,000000 0,000000 0,000000
167 1708453405 0,800000 -1,000000 -101,000000 0,000000 0,000000
167 1708453406 0,800000 -1,000000 -101,000000 0,000000 0,000000
167 1708453407 0,800000 -1,000000 -101,000000 0,000000 0,000000
167 1708453408 0,800000 -1,000000 -101,000000 0,000000 0,000000
167 1708453409 0,800000 -1,000000 -101,000000 0,000000 0,000000
167 1708453410 0,200000 -1,000000 -101,000000 0,000000 0,000000
167 1708453411 0,200000 -1,000000 -101,000000 0,000000 0,000000
167 1708453412 0,200000 -1,000000 -101,000000 0,000000 0,000000
167 1708453413 0,200000 -1,000000 -101,000000 0,000000 0,000000
167 1708453414 0,200000 -1,000000 -101,000000 0,000000 0,000000
167 1708453415 0,800000 -1,000000 -101,000000 0,000000 0,000000
167 1708453416 0,800000 -1,000000 -101,000000 0,000000 0,000000
167 1708453417 0,800000 -1,000000 -101,000000 0,000000 0,000000
167 1708453418 0,800000 -1,000000 -101,000000 0,000000 0,000000
167 1708453419 0,800000 -1,000000 -101,000000 0,000000 0,000000
167 1708453420 1,000000 -1,000000 -101,000000 0,000000 0,000000
167 1708453421 1,000000 -1,000000 -101,000000 0,000000 0,000000
167 1708453422 1,000000 -1,000000 -101,000000 0,000000 0,000000
167 1708453423 1,000000 -1,000000 -101,000000 0,000000 0,000000
167 1708453424 1,000000 -1,000000 -101,000000 0,000000 0,000000
167 1708453425 0,400000 -1,000000 -101,000000 0,000000 0,000000
167 1708453426 0,400000 -1,000000 -101,000000 0,000000 0,000000
167 1708453427 0,400000 -1,000000 -101,000000 0,000000 0,000000
167 1708453428 0,400000 -1,000000 -101,000000 0,000000 0,000000
167 1708453429 0,400000 -1,000000 -101,000000 0,000000 0,000000
167 1708453430 0,600000 -1,000000 -101,000000 0,000000 0,000000
167 1708453431 0,600000 -1,000000 -101,000000 0,000000 0,000000
167 1708453432 0,600000 -1,000000 -101,000000 0,000000 0,000000
167 1708453433 0,600000 -1,000000 -101,000000 0,000000 0,000000
167 1708453434 0,600000 -1,000000 -101,000000 0,000000 0,000000
167 1708453435 1,200000 -1,000000 -101,000000 0,000000 0,000000
167 1708453436 1,200000 -1,000000 -101,000000 0,000000 0,000000
167 1708453437 1,200000 -1,000000 -101,000000 0,000000 0,000000
167 1708453438 1,200000 -1,000000 -101,000000 0,000000 0,000000
167 1708453439 1,200000 -1,000000 -101,000000 0,000000 0,000000
167 1708453440 0,800000 -1,000000 -101,000000 0,000000 0,000000
167 1708453441 0,800000 -1,000000 -101,000000 0,000000 0,000000
167 1708453442 0,800000 -1,000000 -101,000000 0,000000 0,000000
167 1708453443 0,800000 -1,000000 -101,000000 0,000000 0,000000
167 1708453444 0,800000 -1,000000 -101,000000 0,000000 0,000000
167 1708453445 2,400000 -1,000000 -101,000000 0,000000 0,000000
167 1708453446 2,400000 -1,000000 -101,000000 0,000000 0,000000
167 1708453447 2,400000 -1,000000 -101,000000 0,000000 0,000000
167 1708453448 2,400000 -1,000000 -101,000000 0,000000 0,000000
167 1708453449 2,400000 -1,000000 -101,000000 0,000000 0,000000
167 1708453450 1,600000 -1,000000 -101,000000 0,000000 0,000000
167 1708453451 1,600000 -1,000000 -101,000000 0,000000 0,000000
167 1708453452 1,600000 -1,000000 -101,000000 0,000000 0,000000
167 1708453453 1,600000 -1,000000 -101,000000 0,000000 0,000000
167 1708453454 1,600000 -1,000000 -101,000000 0,000000 0,000000
167 1708453455 1,400000 -1,000000 -101,000000 0,000000 0,000000
167 1708453456 1,400000 -1,000000 -101,000000 0,000000 0,000000
167 1708453457 1,400000 -1,000000 -101,000000 0,000000 0,000000
167 1708453458 1,400000 -1,000000 -101,000000 0,000000 0,000000
167 1708453459 1,400000 -1,000000 -101,000000 0,000000 0,000000
167 1708453460 0,400000 -1,000000 -101,000000 0,000000 0,000000
167 1708453461 0,400000 -1,000000 -101,000000 0,000000 0,000000
167 1708453462 0,400000 -1,000000 -101,000000 0,000000 0,000000
167 1708453463 0,400000 -1,000000 -101,000000 0,000000 0,000000
167 1708453464 0,400000 -1,000000 -101,000000 0,000000 0,000000
167 1708453465 1,800000 -1,000000 -101,000000 0,000000 0,000000
167 1708453466 1,800000 -1,000000 -101,000000 0,000000 0,000000
167 1708453467 1,800000 -1,000000 -101,000000 0,000000 0,000000
167 1708453468 1,800000 -1,000000 -101,000000 0,000000 0,000000
167 1708453469 1,800000 -1,000000 -101,000000 0,000000 0,000000
167 1708453470 1,400000 -1,000000 -101,000000 0,000000 0,000000
