188 1708452160 2493,400000 -1,000000 -101,000000 0,000000 0,000000
188 1708452161 2493,400000 -1,000000 -101,000000 0,000000 0,000000
188 1708452162 2493,400000 -1,000000 -101,000000 0,000000 0,000000
188 1708452163 2493,400000 -1,000000 -101,000000 0,000000 0,000000
188 1708452164 2493,400000 -1,000000 -101,000000 0,000000 0,000000
188 1708452165 8044,600000 -1,000000 -101,000000 0,000000 0,000000
188 1708452166 8044,600000 -1,000000 -101,000000 0,000000 0,000000
188 1708452167 8044,600000 -1,000000 -101,000000 0,000000 0,000000
188 1708452168 8044,600000 -1,000000 -101,000000 0,000000 0,000000
188 1708452169 8044,600000 -1,000000 -101,000000 0,000000 0,000000
188 1708452170 10868,200000 -1,000000 -101,000000 0,000000 0,000000
188 1708452171 10868,200000 -1,000000 -101,000000 0,000000 0,000000
188 1708452172 10868,200000 -1,000000 -101,000000 0,000000 0,000000
188 1708452173 10868,200000 -1,000000 -101,000000 0,000000 0,000000
188 1708452174 10868,200000 -1,000000 -101,000000 0,000000 0,000000
188 1708452175 3050,200000 -1,000000 -101,000000 0,000000 0,000000
188 1708452176 3050,200000 -1,000000 -101,000000 0,000000 0,000000
188 1708452177 3050,200000 -1,000000 -101,000000 0,000000 0,000000
188 1708452178 3050,200000 -1,000000 -101,000000 0,000000 0,000000
188 1708452179 3050,200000 -1,000000 -101,000000 0,000000 0,000000
188 1708452180 14496,200000 -1,000000 -101,000000 0,000000 0,000000
188 1708452181 14496,200000 -1,000000 -101,000000 0,000000 0,000000
188 1708452182 14496,200000 -1,000000 -101,000000 0,000000 0,000000
188 1708452183 14496,200000 -1,000000 -101,000000 0,000000 0,000000
188 1708452184 14496,200000 -1,000000 -101,000000 0,000000 0,000000
188 1708452185 8619,400000 -1,000000 -101,000000 0,000000 0,000000
188 1708452186 8619,400000 -1,000000 -101,000000 0,000000 0,000000
188 1708452187 8619,400000 -1,000000 -101,000000 0,000000 0,000000
188 1708452188 8619,400000 -1,000000 -101,000000 0,000000 0,000000
188 1708452189 8619,400000 -1,000000 -101,000000 0,000000 0,000000
188 1708452190 8046,000000 -1,000000 -101,000000 0,000000 0,000000
188 1708452191 8046,000000 -1,000000 -101,000000 0,000000 0,000000
188 1708452192 8046,000000 -1,000000 -101,000000 0,000000 0,000000
188 1708452193 8046,000000 -1,000000 -101,000000 0,000000 0,000000
188 1708452194 8046,000000 -1,000000 -101,000000 0,000000 0,000000
188 1708452195 10131,000000 -1,000000 -101,000000 0,000000 0,000000
188 1708452196 10131,000000 -1,000000 -101,000000 0,000000 0,000000
188 1708452197 10131,000000 -1,000000 -101,000000 0,000000 0,000000
188 1708452198 10131,000000 -1,000000 -101,000000 0,000000 0,000000
188 1708452199 10131,000000 -1,000000 -101,000000 0,000000 0,000000
188 1708452200 11427,800000 -1,000000 -101,000000 0,000000 0,000000
188 1708452201 11427,800000 -1,000000 -101,000000 0,000000 0,000000
188 1708452202 11427,800000 -1,000000 -101,000000 0,000000 0,000000
188 1708452203 11427,800000 -1,000000 -101,000000 0,000000 0,000000
188 1708452204 11427,800000 -1,000000 -101,000000 0,000000 0,000000
188 1708452205 2494,200000 -1,000000 -101,000000 0,000000 0,000000
188 1708452206 2494,200000 -1,000000 -101,000000 0,000000 0,000000
188 1708452207 2494,200000 -1,000000 -101,000000 0,000000 0,000000
188 1708452208 2494,200000 -1,000000 -101,000000 0,000000 0,000000
188 1708452209 2494,200000 -1,000000 -101,000000 0,000000 0,000000
188 1708452210 8558,200000 -1,000000 -101,000000 0,000000 0,000000
188 1708452211 8558,200000 -1,000000 -101,000000 0,000000 0,000000
188 1708452212 8558,200000 -1,000000 -101,000000 0,000000 0,000000
188 1708452213 8558,200000 -1,000000 -101,000000 0,000000 0,000000
188 1708452214 8558,200000 -1,000000 -101,000000 0,000000 0,000000
188 1708452220 3049,600000 -1,000000 -101,000000 0,000000 0,000000
188 1708452221 3049,600000 -1,000000 -101,000000 0,000000 0,000000
188 1708452222 3049,600000 -1,000000 -101,000000 0,000000 0,000000
188 1708452223 3049,600000 -1,000000 -101,000000 0,000000 0,000000
188 1708452224 3049,600000 -1,000000 -101,000000 0,000000 0,000000
188 1708452225 8046,600000 -1,000000 -101,000000 0,000000 0,000000
188 1708452226 8046,600000 -1,000000 -101,000000 0,000000 0,000000
188 1708452227 8046,600000 -1,000000 -101,000000 0,000000 0,000000
188 1708452228 8046,600000 -1,000000 -101,000000 0,000000 0,000000
188 1708452229 8046,600000 -1,000000 -101,000000 0,000000 0,000000
188 1708452230 212395,000000 -1,000000 -101,000000 0,000000 0,000000
188 1708452231 212395,000000 -1,000000 -101,000000 0,000000 0,000000
188 1708452232 212395,000000 -1,000000 -101,000000 0,000000 0,000000
188 1708452233 212395,000000 -1,000000 -101,000000 0,000000 0,000000
188 1708452234 212395,000000 -1,000000 -101,000000 0,000000 0,000000
188 1708452235 555,800000 -1,000000 -101,000000 0,000000 0,000000
188 1708452236 555,800000 -1,000000 -101,000000 0,000000 0,000000
188 1708452237 555,800000 -1,000000 -101,000000 0,000000 0,000000
188 1708452238 555,800000 -1,000000 -101,000000 0,000000 0,000000
188 1708452239 555,800000 -1,000000 -101,000000 0,000000 0,000000
188 1708452245 10547,200000 -1,000000 -101,000000 0,000000 0,000000
188 1708452246 10547,200000 -1,000000 -101,000000 0,000000 0,000000
188 1708452247 10547,200000 -1,000000 -101,000000 0,000000 0,000000
188 1708452248 10547,200000 -1,000000 -101,000000 0,000000 0,000000
188 1708452249 10547,200000 -1,000000 -101,000000 0,000000 0,000000
188 1708452250 13358,400000 -1,000000 -101,000000 0,000000 0,000000
188 1708452251 13358,400000 -1,000000 -101,000000 0,000000 0,000000
188 1708452252 13358,400000 -1,000000 -101,000000 0,000000 0,000000
188 1708452253 13358,400000 -1,000000 -101,000000 0,000000 0,000000
188 1708452254 13358,400000 -1,000000 -101,000000 0,000000 0,000000
188 1708452255 111291,000000 -1,000000 -101,000000 0,000000 0,000000
188 1708452256 111291,000000 -1,000000 -101,000000 0,000000 0,000000
188 1708452257 111291,000000 -1,000000 -101,000000 0,000000 0,000000
188 1708452258 111291,000000 -1,000000 -101,000000 0,000000 0,000000
188 1708452259 111291,000000 -1,000000 -101,000000 0,000000 0,000000
188 1708452260 3051,400000 -1,000000 -101,000000 0,000000 0,000000
188 1708452261 3051,400000 -1,000000 -101,000000 0,000000 0,000000
188 1708452262 3051,400000 -1,000000 -101,000000 0,000000 0,000000
188 1708452263 3051,400000 -1,000000 -101,000000 0,000000 0,000000
188 1708452264 3051,400000 -1,000000 -101,000000 0,000000 0,000000
188 1708452265 2494,200000 -1,000000 -101,000000 0,000000 0,000000
188 1708452266 2494,200000 -1,000000 -101,000000 0,000000 0,000000
188 1708452267 2494,200000 -1,000000 -101,000000 0,000000 0,000000
188 1708452268 2494,200000 -1,000000 -101,000000 0,000000 0,000000
188 1708452269 2494,200000 -1,000000 -101,000000 0,000000 0,000000
188 1708452270 115117,200000 -1,000000 -101,000000 0,000000 0,000000
188 1708452271 115117,200000 -1,000000 -101,000000 0,000000 0,000000
188 1708452272 115117,200000 -1,000000 -101,000000 0,000000 0,000000
188 1708452273 115117,200000 -1,000000 -101,000000 0,000000 0,000000
188 1708452274 115117,200000 -1,000000 -101,000000 0,000000 0,000000
188 1708452275 10548,000000 -1,000000 -101,000000 0,000000 0,000000
188 1708452276 10548,000000 -1,000000 -101,000000 0,000000 0,000000
188 1708452277 10548,000000 -1,000000 -101,000000 0,000000 0,000000
188 1708452278 10548,000000 -1,000000 -101,000000 0,000000 0,000000
188 1708452279 10548,000000 -1,000000 -101,000000 0,000000 0,000000
188 1708452280 202984,600000 -1,000000 -101,000000 0,000000 0,000000
188 1708452281 202984,600000 -1,000000 -101,000000 0,000000 0,000000
188 1708452282 202984,600000 -1,000000 -101,000000 0,000000 0,000000
188 1708452283 202984,600000 -1,000000 -101,000000 0,000000 0,000000
188 1708452284 202984,600000 -1,000000 -101,000000 0,000000 0,000000
188 1708452285 8556,800000 -1,000000 -101,000000 0,000000 0,000000
188 1708452286 8556,800000 -1,000000 -101,000000 0,000000 0,000000
188 1708452287 8556,800000 -1,000000 -101,000000 0,000000 0,000000
188 1708452288 8556,800000 -1,000000 -101,000000 0,000000 0,000000
188 1708452289 8556,800000 -1,000000 -101,000000 0,000000 0,000000
188 1708452295 556,000000 -1,000000 -101,000000 0,000000 0,000000
188 1708452296 556,000000 -1,000000 -101,000000 0,000000 0,000000
188 1708452297 556,000000 -1,000000 -101,000000 0,000000 0,000000
188 1708452298 556,000000 -1,000000 -101,000000 0,000000 0,000000
188 1708452299 556,000000 -1,000000 -101,000000 0,000000 0,000000
188 1708452305 2495,000000 -1,000000 -101,000000 0,000000 0,000000
188 1708452306 2495,000000 -1,000000 -101,000000 0,000000 0,000000
188 1708452307 2495,000000 -1,000000 -101,000000 0,000000 0,000000
188 1708452308 2495,000000 -1,000000 -101,000000 0,000000 0,000000
188 1708452309 2495,000000 -1,000000 -101,000000 0,000000 0,000000
188 1708452310 5551,200000 -1,000000 -101,000000 0,000000 0,000000
188 1708452311 5551,200000 -1,000000 -101,000000 0,000000 0,000000
188 1708452312 5551,200000 -1,000000 -101,000000 0,000000 0,000000
188 1708452313 5551,200000 -1,000000 -101,000000 0,000000 0,000000
188 1708452314 5551,200000 -1,000000 -101,000000 0,000000 0,000000
188 1708452315 5559,800000 -1,000000 -101,000000 0,000000 0,000000
188 1708452316 5559,800000 -1,000000 -101,000000 0,000000 0,000000
188 1708452317 5559,800000 -1,000000 -101,000000 0,000000 0,000000
188 1708452318 5559,800000 -1,000000 -101,000000 0,000000 0,000000
188 1708452319 5559,800000 -1,000000 -101,000000 0,000000 0,000000
188 1708452320 3051,000000 -1,000000 -101,000000 0,000000 0,000000
188 1708452321 3051,000000 -1,000000 -101,000000 0,000000 0,000000
188 1708452322 3051,000000 -1,000000 -101,000000 0,000000 0,000000
188 1708452323 3051,000000 -1,000000 -101,000000 0,000000 0,000000
188 1708452324 3051,000000 -1,000000 -101,000000 0,000000 0,000000
188 1708452325 106880,400000 -1,000000 -101,000000 0,000000 0,000000
188 1708452326 106880,400000 -1,000000 -101,000000 0,000000 0,000000
188 1708452327 106880,400000 -1,000000 -101,000000 0,000000 0,000000
188 1708452328 106880,400000 -1,000000 -101,000000 0,000000 0,000000
188 1708452329 106880,400000 -1,000000 -101,000000 0,000000 0,000000
188 1708452330 197920,200000 -1,000000 -101,000000 0,000000 0,000000
188 1708452331 197920,200000 -1,000000 -101,000000 0,000000 0,000000
188 1708452332 197920,200000 -1,000000 -101,000000 0,000000 0,000000
188 1708452333 197920,200000 -1,000000 -101,000000 0,000000 0,000000
188 1708452334 197920,200000 -1,000000 -101,000000 0,000000 0,000000
188 1708452340 103960,200000 -1,000000 -101,000000 0,000000 0,000000
188 1708452341 103960,200000 -1,000000 -101,000000 0,000000 0,000000
188 1708452342 103960,200000 -1,000000 -101,000000 0,000000 0,000000
188 1708452343 103960,200000 -1,000000 -101,000000 0,000000 0,000000
188 1708452344 103960,200000 -1,000000 -101,000000 0,000000 0,000000
188 1708452345 11104,000000 -1,000000 -101,000000 0,000000 0,000000
188 1708452346 11104,000000 -1,000000 -101,000000 0,000000 0,000000
188 1708452347 11104,000000 -1,000000 -101,000000 0,000000 0,000000
188 1708452348 11104,000000 -1,000000 -101,000000 0,000000 0,000000
188 1708452349 11104,000000 -1,000000 -101,000000 0,000000 0,000000
188 1708452355 3050,000000 -1,000000 -101,000000 0,000000 0,000000
188 1708452356 3050,000000 -1,000000 -101,000000 0,000000 0,000000
188 1708452357 3050,000000 -1,000000 -101,000000 0,000000 0,000000
188 1708452358 3050,000000 -1,000000 -101,000000 0,000000 0,000000
188 1708452359 3050,000000 -1,000000 -101,000000 0,000000 0,000000
188 1708452360 8318,400000 -1,000000 -101,000000 0,000000 0,000000
188 1708452361 8318,400000 -1,000000 -101,000000 0,000000 0,000000
188 1708452362 8318,400000 -1,000000 -101,000000 0,000000 0,000000
188 1708452363 8318,400000 -1,000000 -101,000000 0,000000 0,000000
188 1708452364 8318,400000 -1,000000 -101,000000 0,000000 0,000000
188 1708452365 2495,000000 -1,000000 -101,000000 0,000000 0,000000
188 1708452366 2495,000000 -1,000000 -101,000000 0,000000 0,000000
188 1708452367 2495,000000 -1,000000 -101,000000 0,000000 0,000000
188 1708452368 2495,000000 -1,000000 -101,000000 0,000000 0,000000
188 1708452369 2495,000000 -1,000000 -101,000000 0,000000 0,000000
188 1708452370 5549,800000 -1,000000 -101,000000 0,000000 0,000000
188 1708452371 5549,800000 -1,000000 -101,000000 0,000000 0,000000
188 1708452372 5549,800000 -1,000000 -101,000000 0,000000 0,000000
188 1708452373 5549,800000 -1,000000 -101,000000 0,000000 0,000000
188 1708452374 5549,800000 -1,000000 -101,000000 0,000000 0,000000
188 1708452380 3050,600000 -1,000000 -101,000000 0,000000 0,000000
188 1708452381 3050,600000 -1,000000 -101,000000 0,000000 0,000000
188 1708452382 3050,600000 -1,000000 -101,000000 0,000000 0,000000
188 1708452383 3050,600000 -1,000000 -101,000000 0,000000 0,000000
188 1708452384 3050,600000 -1,000000 -101,000000 0,000000 0,000000
188 1708452385 181742,600000 -1,000000 -101,000000 0,000000 0,000000
188 1708452386 181742,600000 -1,000000 -101,000000 0,000000 0,000000
188 1708452387 181742,600000 -1,000000 -101,000000 0,000000 0,000000
188 1708452388 181742,600000 -1,000000 -101,000000 0,000000 0,000000
188 1708452389 181742,600000 -1,000000 -101,000000 0,000000 0,000000
188 1708452390 13602,800000 -1,000000 -101,000000 0,000000 0,000000
188 1708452391 13602,800000 -1,000000 -101,000000 0,000000 0,000000
188 1708452392 13602,800000 -1,000000 -101,000000 0,000000 0,000000
188 1708452393 13602,800000 -1,000000 -101,000000 0,000000 0,000000
188 1708452394 13602,800000 -1,000000 -101,000000 0,000000 0,000000
188 1708452395 93094,200000 -1,000000 -101,000000 0,000000 0,000000
188 1708452396 93094,200000 -1,000000 -101,000000 0,000000 0,000000
188 1708452397 93094,200000 -1,000000 -101,000000 0,000000 0,000000
188 1708452398 93094,200000 -1,000000 -101,000000 0,000000 0,000000
188 1708452399 93094,200000 -1,000000 -101,000000 0,000000 0,000000
188 1708452400 5544,000000 -1,000000 -101,000000 0,000000 0,000000
188 1708452401 5544,000000 -1,000000 -101,000000 0,000000 0,000000
188 1708452402 5544,000000 -1,000000 -101,000000 0,000000 0,000000
188 1708452403 5544,000000 -1,000000 -101,000000 0,000000 0,000000
188 1708452404 5544,000000 -1,000000 -101,000000 0,000000 0,000000
188 1708452405 11049,600000 -1,000000 -101,000000 0,000000 0,000000
188 1708452406 11049,600000 -1,000000 -101,000000 0,000000 0,000000
188 1708452407 11049,600000 -1,000000 -101,000000 0,000000 0,000000
188 1708452408 11049,600000 -1,000000 -101,000000 0,000000 0,000000
188 1708452409 11049,600000 -1,000000 -101,000000 0,000000 0,000000
188 1708452410 99684,000000 -1,000000 -101,000000 0,000000 0,000000
188 1708452411 99684,000000 -1,000000 -101,000000 0,000000 0,000000
188 1708452412 99684,000000 -1,000000 -101,000000 0,000000 0,000000
188 1708452413 99684,000000 -1,000000 -101,000000 0,000000 0,000000
188 1708452414 99684,000000 -1,000000 -101,000000 0,000000 0,000000
188 1708452415 556,000000 -1,000000 -101,000000 0,000000 0,000000
188 1708452416 556,000000 -1,000000 -101,000000 0,000000 0,000000
188 1708452417 556,000000 -1,000000 -101,000000 0,000000 0,000000
188 1708452418 556,000000 -1,000000 -101,000000 0,000000 0,000000
188 1708452419 556,000000 -1,000000 -101,000000 0,000000 0,000000
188 1708452420 5559,800000 -1,000000 -101,000000 0,000000 0,000000
188 1708452421 5559,800000 -1,000000 -101,000000 0,000000 0,000000
188 1708452422 5559,800000 -1,000000 -101,000000 0,000000 0,000000
188 1708452423 5559,800000 -1,000000 -101,000000 0,000000 0,000000
188 1708452424 5559,800000 -1,000000 -101,000000 0,000000 0,000000
188 1708452425 2495,000000 -1,000000 -101,000000 0,000000 0,000000
188 1708452426 2495,000000 -1,000000 -101,000000 0,000000 0,000000
188 1708452427 2495,000000 -1,000000 -101,000000 0,000000 0,000000
188 1708452428 2495,000000 -1,000000 -101,000000 0,000000 0,000000
188 1708452429 2495,000000 -1,000000 -101,000000 0,000000 0,000000
188 1708452430 8039,200000 -1,000000 -101,000000 0,000000 0,000000
188 1708452431 8039,200000 -1,000000 -101,000000 0,000000 0,000000
188 1708452432 8039,200000 -1,000000 -101,000000 0,000000 0,000000
188 1708452433 8039,200000 -1,000000 -101,000000 0,000000 0,000000
188 1708452434 8039,200000 -1,000000 -101,000000 0,000000 0,000000
188 1708452435 188449,800000 -1,000000 -101,000000 0,000000 0,000000
188 1708452436 188449,800000 -1,000000 -101,000000 0,000000 0,000000
188 1708452437 188449,800000 -1,000000 -101,000000 0,000000 0,000000
188 1708452438 188449,800000 -1,000000 -101,000000 0,000000 0,000000
188 1708452439 188449,800000 -1,000000 -101,000000 0,000000 0,000000
188 1708452440 5863,800000 -1,000000 -101,000000 0,000000 0,000000
188 1708452441 5863,800000 -1,000000 -101,000000 0,000000 0,000000
188 1708452442 5863,800000 -1,000000 -101,000000 0,000000 0,000000
188 1708452443 5863,800000 -1,000000 -101,000000 0,000000 0,000000
188 1708452444 5863,800000 -1,000000 -101,000000 0,000000 0,000000
188 1708452445 2494,200000 -1,000000 -101,000000 0,000000 0,000000
188 1708452446 2494,200000 -1,000000 -101,000000 0,000000 0,000000
188 1708452447 2494,200000 -1,000000 -101,000000 0,000000 0,000000
188 1708452448 2494,200000 -1,000000 -101,000000 0,000000 0,000000
188 1708452449 2494,200000 -1,000000 -101,000000 0,000000 0,000000
188 1708452450 5548,600000 -1,000000 -101,000000 0,000000 0,000000
188 1708452451 5548,600000 -1,000000 -101,000000 0,000000 0,000000
188 1708452452 5548,600000 -1,000000 -101,000000 0,000000 0,000000
188 1708452453 5548,600000 -1,000000 -101,000000 0,000000 0,000000
188 1708452454 5548,600000 -1,000000 -101,000000 0,000000 0,000000
188 1708452460 5542,800000 -1,000000 -101,000000 0,000000 0,000000
188 1708452461 5542,800000 -1,000000 -101,000000 0,000000 0,000000
188 1708452462 5542,800000 -1,000000 -101,000000 0,000000 0,000000
188 1708452463 5542,800000 -1,000000 -101,000000 0,000000 0,000000
188 1708452464 5542,800000 -1,000000 -101,000000 0,000000 0,000000
188 1708452465 103045,000000 -1,000000 -101,000000 0,000000 0,000000
188 1708452466 103045,000000 -1,000000 -101,000000 0,000000 0,000000
188 1708452467 103045,000000 -1,000000 -101,000000 0,000000 0,000000
188 1708452468 103045,000000 -1,000000 -101,000000 0,000000 0,000000
188 1708452469 103045,000000 -1,000000 -101,000000 0,000000 0,000000
188 1708452475 3050,600000 -1,000000 -101,000000 0,000000 0,000000
188 1708452476 3050,600000 -1,000000 -101,000000 0,000000 0,000000
188 1708452477 3050,600000 -1,000000 -101,000000 0,000000 0,000000
188 1708452478 3050,600000 -1,000000 -101,000000 0,000000 0,000000
188 1708452479 3050,600000 -1,000000 -101,000000 0,000000 0,000000
188 1708452480 98721,200000 -1,000000 -101,000000 0,000000 0,000000
188 1708452481 98721,200000 -1,000000 -101,000000 0,000000 0,000000
188 1708452482 98721,200000 -1,000000 -101,000000 0,000000 0,000000
188 1708452483 98721,200000 -1,000000 -101,000000 0,000000 0,000000
188 1708452484 98721,200000 -1,000000 -101,000000 0,000000 0,000000
188 1708452485 190256,200000 -1,000000 -101,000000 0,000000 0,000000
188 1708452486 190256,200000 -1,000000 -101,000000 0,000000 0,000000
188 1708452487 190256,200000 -1,000000 -101,000000 0,000000 0,000000
188 1708452488 190256,200000 -1,000000 -101,000000 0,000000 0,000000
188 1708452489 190256,200000 -1,000000 -101,000000 0,000000 0,000000
188 1708452490 10858,000000 -1,000000 -101,000000 0,000000 0,000000
188 1708452491 10858,000000 -1,000000 -101,000000 0,000000 0,000000
188 1708452492 10858,000000 -1,000000 -101,000000 0,000000 0,000000
188 1708452493 10858,000000 -1,000000 -101,000000 0,000000 0,000000
188 1708452494 10858,000000 -1,000000 -101,000000 0,000000 0,000000
188 1708452495 5558,400000 -1,000000 -101,000000 0,000000 0,000000
188 1708452496 5558,400000 -1,000000 -101,000000 0,000000 0,000000
188 1708452497 5558,400000 -1,000000 -101,000000 0,000000 0,000000
188 1708452498 5558,400000 -1,000000 -101,000000 0,000000 0,000000
188 1708452499 5558,400000 -1,000000 -101,000000 0,000000 0,000000
188 1708452500 556,400000 -1,000000 -101,000000 0,000000 0,000000
188 1708452501 556,400000 -1,000000 -101,000000 0,000000 0,000000
188 1708452502 556,400000 -1,000000 -101,000000 0,000000 0,000000
188 1708452503 556,400000 -1,000000 -101,000000 0,000000 0,000000
188 1708452504 556,400000 -1,000000 -101,000000 0,000000 0,000000
188 1708452505 2494,200000 -1,000000 -101,000000 0,000000 0,000000
188 1708452506 2494,200000 -1,000000 -101,000000 0,000000 0,000000
188 1708452507 2494,200000 -1,000000 -101,000000 0,000000 0,000000
188 1708452508 2494,200000 -1,000000 -101,000000 0,000000 0,000000
188 1708452509 2494,200000 -1,000000 -101,000000 0,000000 0,000000
188 1708452510 8556,200000 -1,000000 -101,000000 0,000000 0,000000
188 1708452511 8556,200000 -1,000000 -101,000000 0,000000 0,000000
188 1708452512 8556,200000 -1,000000 -101,000000 0,000000 0,000000
188 1708452513 8556,200000 -1,000000 -101,000000 0,000000 0,000000
188 1708452514 8556,200000 -1,000000 -101,000000 0,000000 0,000000
188 1708452515 2495,000000 -1,000000 -101,000000 0,000000 0,000000
188 1708452516 2495,000000 -1,000000 -101,000000 0,000000 0,000000
188 1708452517 2495,000000 -1,000000 -101,000000 0,000000 0,000000
188 1708452518 2495,000000 -1,000000 -101,000000 0,000000 0,000000
188 1708452519 2495,000000 -1,000000 -101,000000 0,000000 0,000000
188 1708452520 8357,600000 -1,000000 -101,000000 0,000000 0,000000
188 1708452521 8357,600000 -1,000000 -101,000000 0,000000 0,000000
188 1708452522 8357,600000 -1,000000 -101,000000 0,000000 0,000000
188 1708452523 8357,600000 -1,000000 -101,000000 0,000000 0,000000
188 1708452524 8357,600000 -1,000000 -101,000000 0,000000 0,000000
188 1708452525 5555,600000 -1,000000 -101,000000 0,000000 0,000000
188 1708452526 5555,600000 -1,000000 -101,000000 0,000000 0,000000
188 1708452527 5555,600000 -1,000000 -101,000000 0,000000 0,000000
188 1708452528 5555,600000 -1,000000 -101,000000 0,000000 0,000000
188 1708452529 5555,600000 -1,000000 -101,000000 0,000000 0,000000
188 1708452530 4987,800000 -1,000000 -101,000000 0,000000 0,000000
188 1708452531 4987,800000 -1,000000 -101,000000 0,000000 0,000000
188 1708452532 4987,800000 -1,000000 -101,000000 0,000000 0,000000
188 1708452533 4987,800000 -1,000000 -101,000000 0,000000 0,000000
188 1708452534 4987,800000 -1,000000 -101,000000 0,000000 0,000000
188 1708452535 277659,200000 -1,000000 -101,000000 0,000000 0,000000
188 1708452536 277659,200000 -1,000000 -101,000000 0,000000 0,000000
188 1708452537 277659,200000 -1,000000 -101,000000 0,000000 0,000000
188 1708452538 277659,200000 -1,000000 -101,000000 0,000000 0,000000
188 1708452539 277659,200000 -1,000000 -101,000000 0,000000 0,000000
188 1708452540 5559,600000 -1,000000 -101,000000 0,000000 0,000000
188 1708452541 5559,600000 -1,000000 -101,000000 0,000000 0,000000
188 1708452542 5559,600000 -1,000000 -101,000000 0,000000 0,000000
188 1708452543 5559,600000 -1,000000 -101,000000 0,000000 0,000000
188 1708452544 5559,600000 -1,000000 -101,000000 0,000000 0,000000
188 1708452545 4990,000000 -1,000000 -101,000000 0,000000 0,000000
188 1708452546 4990,000000 -1,000000 -101,000000 0,000000 0,000000
188 1708452547 4990,000000 -1,000000 -101,000000 0,000000 0,000000
188 1708452548 4990,000000 -1,000000 -101,000000 0,000000 0,000000
188 1708452549 4990,000000 -1,000000 -101,000000 0,000000 0,000000
188 1708452550 103633,000000 -1,000000 -101,000000 0,000000 0,000000
188 1708452551 103633,000000 -1,000000 -101,000000 0,000000 0,000000
188 1708452552 103633,000000 -1,000000 -101,000000 0,000000 0,000000
188 1708452553 103633,000000 -1,000000 -101,000000 0,000000 0,000000
188 1708452554 103633,000000 -1,000000 -101,000000 0,000000 0,000000
188 1708452560 556,400000 -1,000000 -101,000000 0,000000 0,000000
188 1708452561 556,400000 -1,000000 -101,000000 0,000000 0,000000
188 1708452562 556,400000 -1,000000 -101,000000 0,000000 0,000000
188 1708452563 556,400000 -1,000000 -101,000000 0,000000 0,000000
188 1708452564 556,400000 -1,000000 -101,000000 0,000000 0,000000
188 1708452565 4988,400000 -1,000000 -101,000000 0,000000 0,000000
188 1708452566 4988,400000 -1,000000 -101,000000 0,000000 0,000000
188 1708452567 4988,400000 -1,000000 -101,000000 0,000000 0,000000
188 1708452568 4988,400000 -1,000000 -101,000000 0,000000 0,000000
188 1708452569 4988,400000 -1,000000 -101,000000 0,000000 0,000000
188 1708452570 16425,600000 -1,000000 -101,000000 0,000000 0,000000
188 1708452571 16425,600000 -1,000000 -101,000000 0,000000 0,000000
188 1708452572 16425,600000 -1,000000 -101,000000 0,000000 0,000000
188 1708452573 16425,600000 -1,000000 -101,000000 0,000000 0,000000
188 1708452574 16425,600000 -1,000000 -101,000000 0,000000 0,000000
188 1708452580 8550,800000 -1,000000 -101,000000 0,000000 0,000000
188 1708452581 8550,800000 -1,000000 -101,000000 0,000000 0,000000
188 1708452582 8550,800000 -1,000000 -101,000000 0,000000 0,000000
188 1708452583 8550,800000 -1,000000 -101,000000 0,000000 0,000000
188 1708452584 8550,800000 -1,000000 -101,000000 0,000000 0,000000
188 1708452585 189455,200000 -1,000000 -101,000000 0,000000 0,000000
188 1708452586 189455,200000 -1,000000 -101,000000 0,000000 0,000000
188 1708452587 189455,200000 -1,000000 -101,000000 0,000000 0,000000
188 1708452588 189455,200000 -1,000000 -101,000000 0,000000 0,000000
188 1708452589 189455,200000 -1,000000 -101,000000 0,000000 0,000000
188 1708452595 3050,000000 -1,000000 -101,000000 0,000000 0,000000
188 1708452596 3050,000000 -1,000000 -101,000000 0,000000 0,000000
188 1708452597 3050,000000 -1,000000 -101,000000 0,000000 0,000000
188 1708452598 3050,000000 -1,000000 -101,000000 0,000000 0,000000
188 1708452599 3050,000000 -1,000000 -101,000000 0,000000 0,000000
188 1708452600 7803,000000 -1,000000 -101,000000 0,000000 0,000000
188 1708452601 7803,000000 -1,000000 -101,000000 0,000000 0,000000
188 1708452602 7803,000000 -1,000000 -101,000000 0,000000 0,000000
188 1708452603 7803,000000 -1,000000 -101,000000 0,000000 0,000000
188 1708452604 7803,000000 -1,000000 -101,000000 0,000000 0,000000
188 1708452605 97447,200000 -1,000000 -101,000000 0,000000 0,000000
188 1708452606 97447,200000 -1,000000 -101,000000 0,000000 0,000000
188 1708452607 97447,200000 -1,000000 -101,000000 0,000000 0,000000
188 1708452608 97447,200000 -1,000000 -101,000000 0,000000 0,000000
188 1708452609 97447,200000 -1,000000 -101,000000 0,000000 0,000000
188 1708452610 5549,000000 -1,000000 -101,000000 0,000000 0,000000
188 1708452611 5549,000000 -1,000000 -101,000000 0,000000 0,000000
188 1708452612 5549,000000 -1,000000 -101,000000 0,000000 0,000000
188 1708452613 5549,000000 -1,000000 -101,000000 0,000000 0,000000
188 1708452614 5549,000000 -1,000000 -101,000000 0,000000 0,000000
188 1708452615 8053,200000 -1,000000 -101,000000 0,000000 0,000000
188 1708452616 8053,200000 -1,000000 -101,000000 0,000000 0,000000
188 1708452617 8053,200000 -1,000000 -101,000000 0,000000 0,000000
188 1708452618 8053,200000 -1,000000 -101,000000 0,000000 0,000000
188 1708452619 8053,200000 -1,000000 -101,000000 0,000000 0,000000
188 1708452620 556,400000 -1,000000 -101,000000 0,000000 0,000000
188 1708452621 556,400000 -1,000000 -101,000000 0,000000 0,000000
188 1708452622 556,400000 -1,000000 -101,000000 0,000000 0,000000
188 1708452623 556,400000 -1,000000 -101,000000 0,000000 0,000000
188 1708452624 556,400000 -1,000000 -101,000000 0,000000 0,000000
188 1708452625 101736,000000 -1,000000 -101,000000 0,000000 0,000000
188 1708452626 101736,000000 -1,000000 -101,000000 0,000000 0,000000
188 1708452627 101736,000000 -1,000000 -101,000000 0,000000 0,000000
188 1708452628 101736,000000 -1,000000 -101,000000 0,000000 0,000000
188 1708452629 101736,000000 -1,000000 -101,000000 0,000000 0,000000
188 1708452630 5551,200000 -1,000000 -101,000000 0,000000 0,000000
188 1708452631 5551,200000 -1,000000 -101,000000 0,000000 0,000000
188 1708452632 5551,200000 -1,000000 -101,000000 0,000000 0,000000
188 1708452633 5551,200000 -1,000000 -101,000000 0,000000 0,000000
188 1708452634 5551,200000 -1,000000 -101,000000 0,000000 0,000000
188 1708452635 2493,800000 -1,000000 -101,000000 0,000000 0,000000
188 1708452636 2493,800000 -1,000000 -101,000000 0,000000 0,000000
188 1708452637 2493,800000 -1,000000 -101,000000 0,000000 0,000000
188 1708452638 2493,800000 -1,000000 -101,000000 0,000000 0,000000
188 1708452639 2493,800000 -1,000000 -101,000000 0,000000 0,000000
188 1708452640 185356,000000 -1,000000 -101,000000 0,000000 0,000000
188 1708452641 185356,000000 -1,000000 -101,000000 0,000000 0,000000
188 1708452642 185356,000000 -1,000000 -101,000000 0,000000 0,000000
188 1708452643 185356,000000 -1,000000 -101,000000 0,000000 0,000000
188 1708452644 185356,000000 -1,000000 -101,000000 0,000000 0,000000
188 1708452645 13604,400000 -1,000000 -101,000000 0,000000 0,000000
188 1708452646 13604,400000 -1,000000 -101,000000 0,000000 0,000000
188 1708452647 13604,400000 -1,000000 -101,000000 0,000000 0,000000
188 1708452648 13604,400000 -1,000000 -101,000000 0,000000 0,000000
188 1708452649 13604,400000 -1,000000 -101,000000 0,000000 0,000000
188 1708452650 5313,800000 -1,000000 -101,000000 0,000000 0,000000
188 1708452651 5313,800000 -1,000000 -101,000000 0,000000 0,000000
188 1708452652 5313,800000 -1,000000 -101,000000 0,000000 0,000000
188 1708452653 5313,800000 -1,000000 -101,000000 0,000000 0,000000
188 1708452654 5313,800000 -1,000000 -101,000000 0,000000 0,000000
188 1708452655 3563,600000 -1,000000 -101,000000 0,000000 0,000000
188 1708452656 3563,600000 -1,000000 -101,000000 0,000000 0,000000
188 1708452657 3563,600000 -1,000000 -101,000000 0,000000 0,000000
188 1708452658 3563,600000 -1,000000 -101,000000 0,000000 0,000000
188 1708452659 3563,600000 -1,000000 -101,000000 0,000000 0,000000
188 1708452665 2495,000000 -1,000000 -101,000000 0,000000 0,000000
188 1708452666 2495,000000 -1,000000 -101,000000 0,000000 0,000000
188 1708452667 2495,000000 -1,000000 -101,000000 0,000000 0,000000
188 1708452668 2495,000000 -1,000000 -101,000000 0,000000 0,000000
188 1708452669 2495,000000 -1,000000 -101,000000 0,000000 0,000000
188 1708452670 8044,600000 -1,000000 -101,000000 0,000000 0,000000
188 1708452671 8044,600000 -1,000000 -101,000000 0,000000 0,000000
188 1708452672 8044,600000 -1,000000 -101,000000 0,000000 0,000000
188 1708452673 8044,600000 -1,000000 -101,000000 0,000000 0,000000
188 1708452674 8044,600000 -1,000000 -101,000000 0,000000 0,000000
188 1708452675 96468,400000 -1,000000 -101,000000 0,000000 0,000000
188 1708452676 96468,400000 -1,000000 -101,000000 0,000000 0,000000
188 1708452677 96468,400000 -1,000000 -101,000000 0,000000 0,000000
188 1708452678 96468,400000 -1,000000 -101,000000 0,000000 0,000000
188 1708452679 96468,400000 -1,000000 -101,000000 0,000000 0,000000
188 1708452680 5872,000000 -1,000000 -101,000000 0,000000 0,000000
188 1708452681 5872,000000 -1,000000 -101,000000 0,000000 0,000000
188 1708452682 5872,000000 -1,000000 -101,000000 0,000000 0,000000
188 1708452683 5872,000000 -1,000000 -101,000000 0,000000 0,000000
188 1708452684 5872,000000 -1,000000 -101,000000 0,000000 0,000000
188 1708452685 13041,800000 -1,000000 -101,000000 0,000000 0,000000
188 1708452686 13041,800000 -1,000000 -101,000000 0,000000 0,000000
188 1708452687 13041,800000 -1,000000 -101,000000 0,000000 0,000000
188 1708452749 96766,200000 -1,000000 96766,200000 96766,200000 0,000000
188 1708452748 96766,200000 -1,000000 96766,200000 96766,200000 0,000000
188 1708452747 96766,200000 -1,000000 96766,200000 96766,200000 0,000000
188 1708452746 96766,200000 -1,000000 96766,200000 96766,200000 0,000000
188 1708452745 96766,200000 -1,000000 96766,200000 96766,200000 0,000000
188 1708452744 216370,600000 -1,000000 216370,600000 216370,600000 0,000000
188 1708452743 216370,600000 -1,000000 216370,600000 216370,600000 0,000000
188 1708452742 216370,600000 -1,000000 216370,600000 216370,600000 0,000000
188 1708452741 216370,600000 -1,000000 216370,600000 216370,600000 0,000000
188 1708452740 216370,600000 -1,000000 216370,600000 216370,600000 0,000000
188 1708452739 2493,400000 -1,000000 2493,400000 2493,400000 0,000000
188 1708452738 2493,400000 -1,000000 2493,400000 2493,400000 0,000000
188 1708452737 2493,400000 -1,000000 2493,400000 2493,400000 0,000000
188 1708452736 2493,400000 -1,000000 2493,400000 2493,400000 0,000000
188 1708452735 2493,400000 -1,000000 2493,400000 2493,400000 0,000000
188 1708452734 13865,600000 -1,000000 13865,600000 13865,600000 0,000000
188 1708452733 13865,600000 -1,000000 13865,600000 13865,600000 0,000000
188 1708452732 13865,600000 -1,000000 13865,600000 13865,600000 0,000000
188 1708452731 13865,600000 -1,000000 13865,600000 13865,600000 0,000000
188 1708452730 13865,600000 -1,000000 13865,600000 13865,600000 0,000000
188 1708452729 4990,000000 -1,000000 4990,000000 4990,000000 0,000000
188 1708452728 4990,000000 -1,000000 4990,000000 4990,000000 0,000000
188 1708452727 4990,000000 -1,000000 4990,000000 4990,000000 0,000000
188 1708452726 4990,000000 -1,000000 4990,000000 4990,000000 0,000000
188 1708452725 4990,000000 -1,000000 4990,000000 4990,000000 0,000000
188 1708452719 6114,800000 -1,000000 6114,800000 6114,800000 0,000000
188 1708452718 6114,800000 -1,000000 6114,800000 6114,800000 0,000000
188 1708452717 6114,800000 -1,000000 6114,800000 6114,800000 0,000000
188 1708452716 6114,800000 -1,000000 6114,800000 6114,800000 0,000000
188 1708452715 6114,800000 -1,000000 6114,800000 6114,800000 0,000000
188 1708452709 5543,800000 -1,000000 5543,800000 5543,800000 0,000000
188 1708452708 5543,800000 -1,000000 5543,800000 5543,800000 0,000000
188 1708452707 5543,800000 -1,000000 5543,800000 5543,800000 0,000000
188 1708452706 5543,800000 -1,000000 5543,800000 5543,800000 0,000000
188 1708452705 5543,800000 -1,000000 5543,800000 5543,800000 0,000000
188 1708452704 6056,000000 -1,000000 6056,000000 6056,000000 0,000000
188 1708452703 6056,000000 -1,000000 6056,000000 6056,000000 0,000000
188 1708452702 6056,000000 -1,000000 6056,000000 6056,000000 0,000000
188 1708452701 6056,000000 -1,000000 6056,000000 6056,000000 0,000000
188 1708452700 6056,000000 -1,000000 6056,000000 6056,000000 0,000000
188 1708452699 95257,800000 -1,000000 95257,800000 95257,800000 0,000000
188 1708452698 95257,800000 -1,000000 95257,800000 95257,800000 0,000000
188 1708452697 95257,800000 -1,000000 95257,800000 95257,800000 0,000000
188 1708452696 95257,800000 -1,000000 95257,800000 95257,800000 0,000000
188 1708452695 95257,800000 -1,000000 95257,800000 95257,800000 0,000000
188 1708452694 15008,000000 -1,000000 15008,000000 15008,000000 0,000000
188 1708452693 15008,000000 -1,000000 15008,000000 15008,000000 0,000000
188 1708452692 15008,000000 -1,000000 15008,000000 15008,000000 0,000000
188 1708452691 15008,000000 -1,000000 15008,000000 15008,000000 0,000000
188 1708452690 15008,000000 -1,000000 15008,000000 15008,000000 0,000000
188 1708452689 13041,800000 -1,000000 13041,800000 13041,800000 0,000000
188 1708452688 13041,800000 -1,000000 13041,800000 13041,800000 0,000000
188 1708452688 13041,800000 -1,000000 -101,000000 0,000000 0,000000
188 1708452689 13041,800000 -1,000000 -101,000000 0,000000 0,000000
188 1708452690 15008,000000 -1,000000 -101,000000 0,000000 0,000000
188 1708452691 15008,000000 -1,000000 -101,000000 0,000000 0,000000
188 1708452692 15008,000000 -1,000000 -101,000000 0,000000 0,000000
188 1708452693 15008,000000 -1,000000 -101,000000 0,000000 0,000000
188 1708452694 15008,000000 -1,000000 -101,000000 0,000000 0,000000
188 1708452695 95257,800000 -1,000000 -101,000000 0,000000 0,000000
188 1708452696 95257,800000 -1,000000 -101,000000 0,000000 0,000000
188 1708452697 95257,800000 -1,000000 -101,000000 0,000000 0,000000
188 1708452698 95257,800000 -1,000000 -101,000000 0,000000 0,000000
188 1708452699 95257,800000 -1,000000 -101,000000 0,000000 0,000000
188 1708452700 6056,000000 -1,000000 -101,000000 0,000000 0,000000
188 1708452701 6056,000000 -1,000000 -101,000000 0,000000 0,000000
188 1708452702 6056,000000 -1,000000 -101,000000 0,000000 0,000000
188 1708452703 6056,000000 -1,000000 -101,000000 0,000000 0,000000
188 1708452704 6056,000000 -1,000000 -101,000000 0,000000 0,000000
188 1708452705 5543,800000 -1,000000 -101,000000 0,000000 0,000000
188 1708452706 5543,800000 -1,000000 -101,000000 0,000000 0,000000
188 1708452707 5543,800000 -1,000000 -101,000000 0,000000 0,000000
188 1708452708 5543,800000 -1,000000 -101,000000 0,000000 0,000000
188 1708452709 5543,800000 -1,000000 -101,000000 0,000000 0,000000
188 1708452715 6114,800000 -1,000000 -101,000000 0,000000 0,000000
188 1708452716 6114,800000 -1,000000 -101,000000 0,000000 0,000000
188 1708452717 6114,800000 -1,000000 -101,000000 0,000000 0,000000
188 1708452718 6114,800000 -1,000000 -101,000000 0,000000 0,000000
188 1708452719 6114,800000 -1,000000 -101,000000 0,000000 0,000000
188 1708452725 4990,000000 -1,000000 -101,000000 0,000000 0,000000
188 1708452726 4990,000000 -1,000000 -101,000000 0,000000 0,000000
188 1708452727 4990,000000 -1,000000 -101,000000 0,000000 0,000000
188 1708452728 4990,000000 -1,000000 -101,000000 0,000000 0,000000
188 1708452729 4990,000000 -1,000000 -101,000000 0,000000 0,000000
188 1708452730 13865,600000 -1,000000 -101,000000 0,000000 0,000000
188 1708452731 13865,600000 -1,000000 -101,000000 0,000000 0,000000
188 1708452732 13865,600000 -1,000000 -101,000000 0,000000 0,000000
188 1708452733 13865,600000 -1,000000 -101,000000 0,000000 0,000000
188 1708452734 13865,600000 -1,000000 -101,000000 0,000000 0,000000
188 1708452735 2493,400000 -1,000000 -101,000000 0,000000 0,000000
188 1708452736 2493,400000 -1,000000 -101,000000 0,000000 0,000000
188 1708452737 2493,400000 -1,000000 -101,000000 0,000000 0,000000
188 1708452738 2493,400000 -1,000000 -101,000000 0,000000 0,000000
188 1708452739 2493,400000 -1,000000 -101,000000 0,000000 0,000000
188 1708452740 216370,600000 -1,000000 -101,000000 0,000000 0,000000
188 1708452741 216370,600000 -1,000000 -101,000000 0,000000 0,000000
188 1708452742 216370,600000 -1,000000 -101,000000 0,000000 0,000000
188 1708452743 216370,600000 -1,000000 -101,000000 0,000000 0,000000
188 1708452744 216370,600000 -1,000000 -101,000000 0,000000 0,000000
188 1708452745 96766,200000 -1,000000 -101,000000 0,000000 0,000000
188 1708452746 96766,200000 -1,000000 -101,000000 0,000000 0,000000
188 1708452747 96766,200000 -1,000000 -101,000000 0,000000 0,000000
188 1708452748 96766,200000 -1,000000 -101,000000 0,000000 0,000000
188 1708452749 96766,200000 -1,000000 -101,000000 0,000000 0,000000
188 1708452750 5550,200000 -1,000000 -101,000000 0,000000 0,000000
188 1708452751 5550,200000 -1,000000 -101,000000 0,000000 0,000000
188 1708452752 5550,200000 -1,000000 -101,000000 0,000000 0,000000
188 1708452753 5550,200000 -1,000000 -101,000000 0,000000 0,000000
188 1708452754 5550,200000 -1,000000 -101,000000 0,000000 0,000000
188 1708452755 4989,800000 -1,000000 -101,000000 0,000000 0,000000
188 1708452756 4989,800000 -1,000000 -101,000000 0,000000 0,000000
188 1708452757 4989,800000 -1,000000 -101,000000 0,000000 0,000000
188 1708452758 4989,800000 -1,000000 -101,000000 0,000000 0,000000
188 1708452759 4989,800000 -1,000000 -101,000000 0,000000 0,000000
188 1708452760 13920,200000 -1,000000 -101,000000 0,000000 0,000000
188 1708452761 13920,200000 -1,000000 -101,000000 0,000000 0,000000
188 1708452762 13920,200000 -1,000000 -101,000000 0,000000 0,000000
188 1708452763 13920,200000 -1,000000 -101,000000 0,000000 0,000000
188 1708452764 13920,200000 -1,000000 -101,000000 0,000000 0,000000
188 1708452765 101107,600000 -1,000000 -101,000000 0,000000 0,000000
188 1708452766 101107,600000 -1,000000 -101,000000 0,000000 0,000000
188 1708452767 101107,600000 -1,000000 -101,000000 0,000000 0,000000
188 1708452768 101107,600000 -1,000000 -101,000000 0,000000 0,000000
188 1708452769 101107,600000 -1,000000 -101,000000 0,000000 0,000000
188 1708452775 3562,200000 -1,000000 -101,000000 0,000000 0,000000
188 1708452776 3562,200000 -1,000000 -101,000000 0,000000 0,000000
188 1708452777 3562,200000 -1,000000 -101,000000 0,000000 0,000000
188 1708452778 3562,200000 -1,000000 -101,000000 0,000000 0,000000
188 1708452779 3562,200000 -1,000000 -101,000000 0,000000 0,000000
188 1708452785 4989,200000 -1,000000 -101,000000 0,000000 0,000000
188 1708452786 4989,200000 -1,000000 -101,000000 0,000000 0,000000
188 1708452787 4989,200000 -1,000000 -101,000000 0,000000 0,000000
188 1708452788 4989,200000 -1,000000 -101,000000 0,000000 0,000000
188 1708452789 4989,200000 -1,000000 -101,000000 0,000000 0,000000
188 1708452790 206653,800000 -1,000000 -101,000000 0,000000 0,000000
188 1708452791 206653,800000 -1,000000 -101,000000 0,000000 0,000000
188 1708452792 206653,800000 -1,000000 -101,000000 0,000000 0,000000
188 1708452793 206653,800000 -1,000000 -101,000000 0,000000 0,000000
188 1708452794 206653,800000 -1,000000 -101,000000 0,000000 0,000000
188 1708452800 556,400000 -1,000000 -101,000000 0,000000 0,000000
188 1708452801 556,400000 -1,000000 -101,000000 0,000000 0,000000
188 1708452802 556,400000 -1,000000 -101,000000 0,000000 0,000000
188 1708452803 556,400000 -1,000000 -101,000000 0,000000 0,000000
188 1708452804 556,400000 -1,000000 -101,000000 0,000000 0,000000
188 1708452805 7994,600000 -1,000000 -101,000000 0,000000 0,000000
188 1708452806 7994,600000 -1,000000 -101,000000 0,000000 0,000000
188 1708452807 7994,600000 -1,000000 -101,000000 0,000000 0,000000
188 1708452808 7994,600000 -1,000000 -101,000000 0,000000 0,000000
188 1708452809 7994,600000 -1,000000 -101,000000 0,000000 0,000000
188 1708452810 13358,800000 -1,000000 -101,000000 0,000000 0,000000
188 1708452811 13358,800000 -1,000000 -101,000000 0,000000 0,000000
188 1708452812 13358,800000 -1,000000 -101,000000 0,000000 0,000000
188 1708452813 13358,800000 -1,000000 -101,000000 0,000000 0,000000
188 1708452814 13358,800000 -1,000000 -101,000000 0,000000 0,000000
188 1708452815 93470,800000 -1,000000 -101,000000 0,000000 0,000000
188 1708452816 93470,800000 -1,000000 -101,000000 0,000000 0,000000
188 1708452817 93470,800000 -1,000000 -101,000000 0,000000 0,000000
188 1708452818 93470,800000 -1,000000 -101,000000 0,000000 0,000000
188 1708452819 93470,800000 -1,000000 -101,000000 0,000000 0,000000
188 1708452820 3049,600000 -1,000000 -101,000000 0,000000 0,000000
188 1708452821 3049,600000 -1,000000 -101,000000 0,000000 0,000000
188 1708452822 3049,600000 -1,000000 -101,000000 0,000000 0,000000
188 1708452823 3049,600000 -1,000000 -101,000000 0,000000 0,000000
188 1708452824 3049,600000 -1,000000 -101,000000 0,000000 0,000000
188 1708452825 5553,000000 -1,000000 -101,000000 0,000000 0,000000
188 1708452826 5553,000000 -1,000000 -101,000000 0,000000 0,000000
188 1708452827 5553,000000 -1,000000 -101,000000 0,000000 0,000000
188 1708452828 5553,000000 -1,000000 -101,000000 0,000000 0,000000
188 1708452829 5553,000000 -1,000000 -101,000000 0,000000 0,000000
188 1708452830 2494,200000 -1,000000 -101,000000 0,000000 0,000000
188 1708452831 2494,200000 -1,000000 -101,000000 0,000000 0,000000
188 1708452832 2494,200000 -1,000000 -101,000000 0,000000 0,000000
188 1708452833 2494,200000 -1,000000 -101,000000 0,000000 0,000000
188 1708452834 2494,200000 -1,000000 -101,000000 0,000000 0,000000
188 1708452835 105856,400000 -1,000000 -101,000000 0,000000 0,000000
188 1708452836 105856,400000 -1,000000 -101,000000 0,000000 0,000000
188 1708452837 105856,400000 -1,000000 -101,000000 0,000000 0,000000
188 1708452838 105856,400000 -1,000000 -101,000000 0,000000 0,000000
188 1708452839 105856,400000 -1,000000 -101,000000 0,000000 0,000000
188 1708452840 187786,800000 -1,000000 -101,000000 0,000000 0,000000
188 1708452841 187786,800000 -1,000000 -101,000000 0,000000 0,000000
188 1708452842 187786,800000 -1,000000 -101,000000 0,000000 0,000000
188 1708452843 187786,800000 -1,000000 -101,000000 0,000000 0,000000
188 1708452844 187786,800000 -1,000000 -101,000000 0,000000 0,000000
188 1708452845 2495,000000 -1,000000 -101,000000 0,000000 0,000000
188 1708452846 2495,000000 -1,000000 -101,000000 0,000000 0,000000
188 1708452847 2495,000000 -1,000000 -101,000000 0,000000 0,000000
188 1708452848 2495,000000 -1,000000 -101,000000 0,000000 0,000000
188 1708452849 2495,000000 -1,000000 -101,000000 0,000000 0,000000
188 1708452850 8555,800000 -1,000000 -101,000000 0,000000 0,000000
188 1708452851 8555,800000 -1,000000 -101,000000 0,000000 0,000000
188 1708452852 8555,800000 -1,000000 -101,000000 0,000000 0,000000
188 1708452853 8555,800000 -1,000000 -101,000000 0,000000 0,000000
188 1708452854 8555,800000 -1,000000 -101,000000 0,000000 0,000000
188 1708452860 556,400000 -1,000000 -101,000000 0,000000 0,000000
188 1708452861 556,400000 -1,000000 -101,000000 0,000000 0,000000
188 1708452862 556,400000 -1,000000 -101,000000 0,000000 0,000000
188 1708452863 556,400000 -1,000000 -101,000000 0,000000 0,000000
188 1708452864 556,400000 -1,000000 -101,000000 0,000000 0,000000
188 1708452865 8054,000000 -1,000000 -101,000000 0,000000 0,000000
188 1708452866 8054,000000 -1,000000 -101,000000 0,000000 0,000000
188 1708452867 8054,000000 -1,000000 -101,000000 0,000000 0,000000
188 1708452868 8054,000000 -1,000000 -101,000000 0,000000 0,000000
188 1708452869 8054,000000 -1,000000 -101,000000 0,000000 0,000000
188 1708452870 5549,200000 -1,000000 -101,000000 0,000000 0,000000
188 1708452871 5549,200000 -1,000000 -101,000000 0,000000 0,000000
188 1708452872 5549,200000 -1,000000 -101,000000 0,000000 0,000000
188 1708452873 5549,200000 -1,000000 -101,000000 0,000000 0,000000
188 1708452874 5549,200000 -1,000000 -101,000000 0,000000 0,000000
188 1708452880 8549,600000 -1,000000 -101,000000 0,000000 0,000000
188 1708452881 8549,600000 -1,000000 -101,000000 0,000000 0,000000
188 1708452882 8549,600000 -1,000000 -101,000000 0,000000 0,000000
188 1708452883 8549,600000 -1,000000 -101,000000 0,000000 0,000000
188 1708452884 8549,600000 -1,000000 -101,000000 0,000000 0,000000
188 1708452885 15095,000000 -1,000000 -101,000000 0,000000 0,000000
188 1708452886 15095,000000 -1,000000 -101,000000 0,000000 0,000000
188 1708452887 15095,000000 -1,000000 -101,000000 0,000000 0,000000
188 1708452888 15095,000000 -1,000000 -101,000000 0,000000 0,000000
188 1708452889 15095,000000 -1,000000 -101,000000 0,000000 0,000000
188 1708452890 7803,000000 -1,000000 -101,000000 0,000000 0,000000
188 1708452891 7803,000000 -1,000000 -101,000000 0,000000 0,000000
188 1708452892 7803,000000 -1,000000 -101,000000 0,000000 0,000000
188 1708452893 7803,000000 -1,000000 -101,000000 0,000000 0,000000
188 1708452894 7803,000000 -1,000000 -101,000000 0,000000 0,000000
188 1708452895 180724,600000 -1,000000 -101,000000 0,000000 0,000000
188 1708452896 180724,600000 -1,000000 -101,000000 0,000000 0,000000
188 1708452897 180724,600000 -1,000000 -101,000000 0,000000 0,000000
188 1708452898 180724,600000 -1,000000 -101,000000 0,000000 0,000000
188 1708452899 180724,600000 -1,000000 -101,000000 0,000000 0,000000
188 1708452900 2494,600000 -1,000000 -101,000000 0,000000 0,000000
188 1708452901 2494,600000 -1,000000 -101,000000 0,000000 0,000000
188 1708452902 2494,600000 -1,000000 -101,000000 0,000000 0,000000
188 1708452903 2494,600000 -1,000000 -101,000000 0,000000 0,000000
188 1708452904 2494,600000 -1,000000 -101,000000 0,000000 0,000000
188 1708452905 10822,000000 -1,000000 -101,000000 0,000000 0,000000
188 1708452906 10822,000000 -1,000000 -101,000000 0,000000 0,000000
188 1708452907 10822,000000 -1,000000 -101,000000 0,000000 0,000000
188 1708452908 10822,000000 -1,000000 -101,000000 0,000000 0,000000
188 1708452909 10822,000000 -1,000000 -101,000000 0,000000 0,000000
188 1708452910 11111,000000 -1,000000 -101,000000 0,000000 0,000000
188 1708452911 11111,000000 -1,000000 -101,000000 0,000000 0,000000
188 1708452912 11111,000000 -1,000000 -101,000000 0,000000 0,000000
188 1708452913 11111,000000 -1,000000 -101,000000 0,000000 0,000000
188 1708452914 11111,000000 -1,000000 -101,000000 0,000000 0,000000
188 1708452915 2495,000000 -1,000000 -101,000000 0,000000 0,000000
188 1708452916 2495,000000 -1,000000 -101,000000 0,000000 0,000000
188 1708452917 2495,000000 -1,000000 -101,000000 0,000000 0,000000
188 1708452918 2495,000000 -1,000000 -101,000000 0,000000 0,000000
188 1708452919 2495,000000 -1,000000 -101,000000 0,000000 0,000000
188 1708452920 8872,400000 -1,000000 -101,000000 0,000000 0,000000
188 1708452921 8872,400000 -1,000000 -101,000000 0,000000 0,000000
188 1708452922 8872,400000 -1,000000 -101,000000 0,000000 0,000000
188 1708452923 8872,400000 -1,000000 -101,000000 0,000000 0,000000
188 1708452924 8872,400000 -1,000000 -101,000000 0,000000 0,000000
188 1708452925 2493,800000 -1,000000 -101,000000 0,000000 0,000000
188 1708452926 2493,800000 -1,000000 -101,000000 0,000000 0,000000
188 1708452927 2493,800000 -1,000000 -101,000000 0,000000 0,000000
188 1708452928 2493,800000 -1,000000 -101,000000 0,000000 0,000000
188 1708452929 2493,800000 -1,000000 -101,000000 0,000000 0,000000
188 1708452930 5553,600000 -1,000000 -101,000000 0,000000 0,000000
188 1708452931 5553,600000 -1,000000 -101,000000 0,000000 0,000000
188 1708452932 5553,600000 -1,000000 -101,000000 0,000000 0,000000
188 1708452933 5553,600000 -1,000000 -101,000000 0,000000 0,000000
188 1708452934 5553,600000 -1,000000 -101,000000 0,000000 0,000000
188 1708452940 11101,000000 -1,000000 -101,000000 0,000000 0,000000
188 1708452941 11101,000000 -1,000000 -101,000000 0,000000 0,000000
188 1708452942 11101,000000 -1,000000 -101,000000 0,000000 0,000000
188 1708452943 11101,000000 -1,000000 -101,000000 0,000000 0,000000
188 1708452944 11101,000000 -1,000000 -101,000000 0,000000 0,000000
188 1708452945 189418,200000 -1,000000 -101,000000 0,000000 0,000000
188 1708452946 189418,200000 -1,000000 -101,000000 0,000000 0,000000
188 1708452947 189418,200000 -1,000000 -101,000000 0,000000 0,000000
188 1708452948 189418,200000 -1,000000 -101,000000 0,000000 0,000000
188 1708452949 189418,200000 -1,000000 -101,000000 0,000000 0,000000
188 1708452950 5501,400000 -1,000000 -101,000000 0,000000 0,000000
188 1708452951 5501,400000 -1,000000 -101,000000 0,000000 0,000000
188 1708452952 5501,400000 -1,000000 -101,000000 0,000000 0,000000
188 1708452953 5501,400000 -1,000000 -101,000000 0,000000 0,000000
188 1708452954 5501,400000 -1,000000 -101,000000 0,000000 0,000000
188 1708452955 109533,800000 -1,000000 -101,000000 0,000000 0,000000
188 1708452956 109533,800000 -1,000000 -101,000000 0,000000 0,000000
188 1708452957 109533,800000 -1,000000 -101,000000 0,000000 0,000000
188 1708452958 109533,800000 -1,000000 -101,000000 0,000000 0,000000
188 1708452959 109533,800000 -1,000000 -101,000000 0,000000 0,000000
188 1708452965 4990,000000 -1,000000 -101,000000 0,000000 0,000000
188 1708452966 4990,000000 -1,000000 -101,000000 0,000000 0,000000
188 1708452967 4990,000000 -1,000000 -101,000000 0,000000 0,000000
188 1708452968 4990,000000 -1,000000 -101,000000 0,000000 0,000000
188 1708452969 4990,000000 -1,000000 -101,000000 0,000000 0,000000
188 1708452970 13352,000000 -1,000000 -101,000000 0,000000 0,000000
188 1708452971 13352,000000 -1,000000 -101,000000 0,000000 0,000000
188 1708452972 13352,000000 -1,000000 -101,000000 0,000000 0,000000
188 1708452973 13352,000000 -1,000000 -101,000000 0,000000 0,000000
188 1708452974 13352,000000 -1,000000 -101,000000 0,000000 0,000000
188 1708452980 110816,000000 -1,000000 -101,000000 0,000000 0,000000
188 1708452981 110816,000000 -1,000000 -101,000000 0,000000 0,000000
188 1708452982 110816,000000 -1,000000 -101,000000 0,000000 0,000000
188 1708452983 110816,000000 -1,000000 -101,000000 0,000000 0,000000
188 1708452984 110816,000000 -1,000000 -101,000000 0,000000 0,000000
188 1708452985 8053,800000 -1,000000 -101,000000 0,000000 0,000000
188 1708452986 8053,800000 -1,000000 -101,000000 0,000000 0,000000
188 1708452987 8053,800000 -1,000000 -101,000000 0,000000 0,000000
188 1708452988 8053,800000 -1,000000 -101,000000 0,000000 0,000000
188 1708452989 8053,800000 -1,000000 -101,000000 0,000000 0,000000
188 1708452990 8041,800000 -1,000000 -101,000000 0,000000 0,000000
188 1708452991 8041,800000 -1,000000 -101,000000 0,000000 0,000000
188 1708452992 8041,800000 -1,000000 -101,000000 0,000000 0,000000
188 1708452993 8041,800000 -1,000000 -101,000000 0,000000 0,000000
188 1708452994 8041,800000 -1,000000 -101,000000 0,000000 0,000000
188 1708452995 191687,800000 -1,000000 -101,000000 0,000000 0,000000
188 1708452996 191687,800000 -1,000000 -101,000000 0,000000 0,000000
188 1708452997 191687,800000 -1,000000 -101,000000 0,000000 0,000000
188 1708452998 191687,800000 -1,000000 -101,000000 0,000000 0,000000
188 1708452999 191687,800000 -1,000000 -101,000000 0,000000 0,000000
188 1708453000 8362,600000 -1,000000 -101,000000 0,000000 0,000000
188 1708453001 8362,600000 -1,000000 -101,000000 0,000000 0,000000
188 1708453002 8362,600000 -1,000000 -101,000000 0,000000 0,000000
188 1708453003 8362,600000 -1,000000 -101,000000 0,000000 0,000000
188 1708453004 8362,600000 -1,000000 -101,000000 0,000000 0,000000
188 1708453005 5542,200000 -1,000000 -101,000000 0,000000 0,000000
188 1708453006 5542,200000 -1,000000 -101,000000 0,000000 0,000000
188 1708453007 5542,200000 -1,000000 -101,000000 0,000000 0,000000
188 1708453008 5542,200000 -1,000000 -101,000000 0,000000 0,000000
188 1708453009 5542,200000 -1,000000 -101,000000 0,000000 0,000000
188 1708453015 6115,800000 -1,000000 -101,000000 0,000000 0,000000
188 1708453016 6115,800000 -1,000000 -101,000000 0,000000 0,000000
188 1708453017 6115,800000 -1,000000 -101,000000 0,000000 0,000000
188 1708453018 6115,800000 -1,000000 -101,000000 0,000000 0,000000
188 1708453019 6115,800000 -1,000000 -101,000000 0,000000 0,000000
188 1708453020 2494,600000 -1,000000 -101,000000 0,000000 0,000000
188 1708453021 2494,600000 -1,000000 -101,000000 0,000000 0,000000
188 1708453022 2494,600000 -1,000000 -101,000000 0,000000 0,000000
188 1708453023 2494,600000 -1,000000 -101,000000 0,000000 0,000000
188 1708453024 2494,600000 -1,000000 -101,000000 0,000000 0,000000
188 1708453025 105593,400000 -1,000000 -101,000000 0,000000 0,000000
188 1708453026 105593,400000 -1,000000 -101,000000 0,000000 0,000000
188 1708453027 105593,400000 -1,000000 -101,000000 0,000000 0,000000
188 1708453028 105593,400000 -1,000000 -101,000000 0,000000 0,000000
188 1708453029 105593,400000 -1,000000 -101,000000 0,000000 0,000000
188 1708453030 5547,000000 -1,000000 -101,000000 0,000000 0,000000
188 1708453031 5547,000000 -1,000000 -101,000000 0,000000 0,000000
188 1708453032 5547,000000 -1,000000 -101,000000 0,000000 0,000000
188 1708453033 5547,000000 -1,000000 -101,000000 0,000000 0,000000
188 1708453034 5547,000000 -1,000000 -101,000000 0,000000 0,000000
188 1708453040 5544,000000 -1,000000 -101,000000 0,000000 0,000000
188 1708453041 5544,000000 -1,000000 -101,000000 0,000000 0,000000
188 1708453042 5544,000000 -1,000000 -101,000000 0,000000 0,000000
188 1708453043 5544,000000 -1,000000 -101,000000 0,000000 0,000000
188 1708453044 5544,000000 -1,000000 -101,000000 0,000000 0,000000
188 1708453045 189223,200000 -1,000000 -101,000000 0,000000 0,000000
188 1708453046 189223,200000 -1,000000 -101,000000 0,000000 0,000000
188 1708453047 189223,200000 -1,000000 -101,000000 0,000000 0,000000
188 1708453048 189223,200000 -1,000000 -101,000000 0,000000 0,000000
188 1708453049 189223,200000 -1,000000 -101,000000 0,000000 0,000000
188 1708453050 112228,400000 -1,000000 -101,000000 0,000000 0,000000
188 1708453051 112228,400000 -1,000000 -101,000000 0,000000 0,000000
188 1708453052 112228,400000 -1,000000 -101,000000 0,000000 0,000000
188 1708453053 112228,400000 -1,000000 -101,000000 0,000000 0,000000
188 1708453054 112228,400000 -1,000000 -101,000000 0,000000 0,000000
188 1708453055 5559,800000 -1,000000 -101,000000 0,000000 0,000000
188 1708453056 5559,800000 -1,000000 -101,000000 0,000000 0,000000
188 1708453057 5559,800000 -1,000000 -101,000000 0,000000 0,000000
188 1708453058 5559,800000 -1,000000 -101,000000 0,000000 0,000000
188 1708453059 5559,800000 -1,000000 -101,000000 0,000000 0,000000
188 1708453060 3049,600000 -1,000000 -101,000000 0,000000 0,000000
188 1708453061 3049,600000 -1,000000 -101,000000 0,000000 0,000000
188 1708453062 3049,600000 -1,000000 -101,000000 0,000000 0,000000
188 1708453063 3049,600000 -1,000000 -101,000000 0,000000 0,000000
188 1708453064 3049,600000 -1,000000 -101,000000 0,000000 0,000000
188 1708453065 5547,200000 -1,000000 -101,000000 0,000000 0,000000
188 1708453066 5547,200000 -1,000000 -101,000000 0,000000 0,000000
188 1708453067 5547,200000 -1,000000 -101,000000 0,000000 0,000000
188 1708453068 5547,200000 -1,000000 -101,000000 0,000000 0,000000
188 1708453069 5547,200000 -1,000000 -101,000000 0,000000 0,000000
188 1708453070 3007,000000 -1,000000 -101,000000 0,000000 0,000000
188 1708453071 3007,000000 -1,000000 -101,000000 0,000000 0,000000
188 1708453072 3007,000000 -1,000000 -101,000000 0,000000 0,000000
188 1708453073 3007,000000 -1,000000 -101,000000 0,000000 0,000000
188 1708453074 3007,000000 -1,000000 -101,000000 0,000000 0,000000
188 1708453075 3050,200000 -1,000000 -101,000000 0,000000 0,000000
188 1708453076 3050,200000 -1,000000 -101,000000 0,000000 0,000000
188 1708453077 3050,200000 -1,000000 -101,000000 0,000000 0,000000
188 1708453078 3050,200000 -1,000000 -101,000000 0,000000 0,000000
188 1708453079 3050,200000 -1,000000 -101,000000 0,000000 0,000000
188 1708453080 5308,400000 -1,000000 -101,000000 0,000000 0,000000
188 1708453081 5308,400000 -1,000000 -101,000000 0,000000 0,000000
188 1708453082 5308,400000 -1,000000 -101,000000 0,000000 0,000000
188 1708453083 5308,400000 -1,000000 -101,000000 0,000000 0,000000
188 1708453084 5308,400000 -1,000000 -101,000000 0,000000 0,000000
188 1708453085 8054,600000 -1,000000 -101,000000 0,000000 0,000000
188 1708453086 8054,600000 -1,000000 -101,000000 0,000000 0,000000
188 1708453087 8054,600000 -1,000000 -101,000000 0,000000 0,000000
188 1708453088 8054,600000 -1,000000 -101,000000 0,000000 0,000000
188 1708453089 8054,600000 -1,000000 -101,000000 0,000000 0,000000
188 1708453090 10534,800000 -1,000000 -101,000000 0,000000 0,000000
188 1708453091 10534,800000 -1,000000 -101,000000 0,000000 0,000000
188 1708453092 10534,800000 -1,000000 -101,000000 0,000000 0,000000
188 1708453093 10534,800000 -1,000000 -101,000000 0,000000 0,000000
188 1708453094 10534,800000 -1,000000 -101,000000 0,000000 0,000000
188 1708453095 278388,200000 -1,000000 -101,000000 0,000000 0,000000
188 1708453096 278388,200000 -1,000000 -101,000000 0,000000 0,000000
188 1708453097 278388,200000 -1,000000 -101,000000 0,000000 0,000000
188 1708453098 278388,200000 -1,000000 -101,000000 0,000000 0,000000
188 1708453099 278388,200000 -1,000000 -101,000000 0,000000 0,000000
188 1708453100 3563,200000 -1,000000 -101,000000 0,000000 0,000000
188 1708453101 3563,200000 -1,000000 -101,000000 0,000000 0,000000
188 1708453102 3563,200000 -1,000000 -101,000000 0,000000 0,000000
188 1708453103 3563,200000 -1,000000 -101,000000 0,000000 0,000000
188 1708453104 3563,200000 -1,000000 -101,000000 0,000000 0,000000
188 1708453105 2494,200000 -1,000000 -101,000000 0,000000 0,000000
188 1708453106 2494,200000 -1,000000 -101,000000 0,000000 0,000000
188 1708453107 2494,200000 -1,000000 -101,000000 0,000000 0,000000
188 1708453108 2494,200000 -1,000000 -101,000000 0,000000 0,000000
188 1708453109 2494,200000 -1,000000 -101,000000 0,000000 0,000000
188 1708453110 8043,600000 -1,000000 -101,000000 0,000000 0,000000
188 1708453111 8043,600000 -1,000000 -101,000000 0,000000 0,000000
188 1708453112 8043,600000 -1,000000 -101,000000 0,000000 0,000000
188 1708453113 8043,600000 -1,000000 -101,000000 0,000000 0,000000
188 1708453114 8043,600000 -1,000000 -101,000000 0,000000 0,000000
188 1708453120 97886,400000 -1,000000 -101,000000 0,000000 0,000000
188 1708453121 97886,400000 -1,000000 -101,000000 0,000000 0,000000
188 1708453122 97886,400000 -1,000000 -101,000000 0,000000 0,000000
188 1708453123 97886,400000 -1,000000 -101,000000 0,000000 0,000000
188 1708453124 97886,400000 -1,000000 -101,000000 0,000000 0,000000
188 1708453125 8049,600000 -1,000000 -101,000000 0,000000 0,000000
188 1708453126 8049,600000 -1,000000 -101,000000 0,000000 0,000000
188 1708453127 8049,600000 -1,000000 -101,000000 0,000000 0,000000
188 1708453128 8049,600000 -1,000000 -101,000000 0,000000 0,000000
188 1708453129 8049,600000 -1,000000 -101,000000 0,000000 0,000000
188 1708453130 10871,200000 -1,000000 -101,000000 0,000000 0,000000
188 1708453131 10871,200000 -1,000000 -101,000000 0,000000 0,000000
188 1708453132 10871,200000 -1,000000 -101,000000 0,000000 0,000000
188 1708453133 10871,200000 -1,000000 -101,000000 0,000000 0,000000
188 1708453134 10871,200000 -1,000000 -101,000000 0,000000 0,000000
188 1708453135 555,800000 -1,000000 -101,000000 0,000000 0,000000
188 1708453136 555,800000 -1,000000 -101,000000 0,000000 0,000000
188 1708453137 555,800000 -1,000000 -101,000000 0,000000 0,000000
188 1708453138 555,800000 -1,000000 -101,000000 0,000000 0,000000
188 1708453139 555,800000 -1,000000 -101,000000 0,000000 0,000000
188 1708453145 7994,200000 -1,000000 -101,000000 0,000000 0,000000
188 1708453146 7994,200000 -1,000000 -101,000000 0,000000 0,000000
188 1708453147 7994,200000 -1,000000 -101,000000 0,000000 0,000000
188 1708453148 7994,200000 -1,000000 -101,000000 0,000000 0,000000
188 1708453149 7994,200000 -1,000000 -101,000000 0,000000 0,000000
188 1708453150 188793,400000 -1,000000 -101,000000 0,000000 0,000000
188 1708453151 188793,400000 -1,000000 -101,000000 0,000000 0,000000
188 1708453152 188793,400000 -1,000000 -101,000000 0,000000 0,000000
188 1708453153 188793,400000 -1,000000 -101,000000 0,000000 0,000000
188 1708453154 188793,400000 -1,000000 -101,000000 0,000000 0,000000
188 1708453155 2495,000000 -1,000000 -101,000000 0,000000 0,000000
188 1708453156 2495,000000 -1,000000 -101,000000 0,000000 0,000000
188 1708453157 2495,000000 -1,000000 -101,000000 0,000000 0,000000
188 1708453158 2495,000000 -1,000000 -101,000000 0,000000 0,000000
188 1708453159 2495,000000 -1,000000 -101,000000 0,000000 0,000000
188 1708453160 13923,000000 -1,000000 -101,000000 0,000000 0,000000
188 1708453161 13923,000000 -1,000000 -101,000000 0,000000 0,000000
188 1708453162 13923,000000 -1,000000 -101,000000 0,000000 0,000000
188 1708453163 13923,000000 -1,000000 -101,000000 0,000000 0,000000
188 1708453164 13923,000000 -1,000000 -101,000000 0,000000 0,000000
188 1708453165 94891,800000 -1,000000 -101,000000 0,000000 0,000000
188 1708453166 94891,800000 -1,000000 -101,000000 0,000000 0,000000
188 1708453167 94891,800000 -1,000000 -101,000000 0,000000 0,000000
188 1708453168 94891,800000 -1,000000 -101,000000 0,000000 0,000000
188 1708453169 94891,800000 -1,000000 -101,000000 0,000000 0,000000
188 1708453170 5555,400000 -1,000000 -101,000000 0,000000 0,000000
188 1708453171 5555,400000 -1,000000 -101,000000 0,000000 0,000000
188 1708453172 5555,400000 -1,000000 -101,000000 0,000000 0,000000
188 1708453173 5555,400000 -1,000000 -101,000000 0,000000 0,000000
188 1708453174 5555,400000 -1,000000 -101,000000 0,000000 0,000000
188 1708453175 3005,800000 -1,000000 -101,000000 0,000000 0,000000
188 1708453176 3005,800000 -1,000000 -101,000000 0,000000 0,000000
188 1708453177 3005,800000 -1,000000 -101,000000 0,000000 0,000000
188 1708453178 3005,800000 -1,000000 -101,000000 0,000000 0,000000
188 1708453179 3005,800000 -1,000000 -101,000000 0,000000 0,000000
188 1708453180 3049,400000 -1,000000 -101,000000 0,000000 0,000000
188 1708453181 3049,400000 -1,000000 -101,000000 0,000000 0,000000
188 1708453182 3049,400000 -1,000000 -101,000000 0,000000 0,000000
188 1708453183 3049,400000 -1,000000 -101,000000 0,000000 0,000000
188 1708453184 3049,400000 -1,000000 -101,000000 0,000000 0,000000
188 1708453185 8048,600000 -1,000000 -101,000000 0,000000 0,000000
188 1708453186 8048,600000 -1,000000 -101,000000 0,000000 0,000000
188 1708453187 8048,600000 -1,000000 -101,000000 0,000000 0,000000
188 1708453188 8048,600000 -1,000000 -101,000000 0,000000 0,000000
188 1708453189 8048,600000 -1,000000 -101,000000 0,000000 0,000000
188 1708453190 93680,000000 -1,000000 -101,000000 0,000000 0,000000
188 1708453191 93680,000000 -1,000000 -101,000000 0,000000 0,000000
188 1708453192 93680,000000 -1,000000 -101,000000 0,000000 0,000000
188 1708453193 93680,000000 -1,000000 -101,000000 0,000000 0,000000
188 1708453194 93680,000000 -1,000000 -101,000000 0,000000 0,000000
188 1708453195 3050,200000 -1,000000 -101,000000 0,000000 0,000000
188 1708453196 3050,200000 -1,000000 -101,000000 0,000000 0,000000
188 1708453197 3050,200000 -1,000000 -101,000000 0,000000 0,000000
188 1708453198 3050,200000 -1,000000 -101,000000 0,000000 0,000000
188 1708453199 3050,200000 -1,000000 -101,000000 0,000000 0,000000
188 1708453200 10377,600000 -1,000000 -101,000000 0,000000 0,000000
188 1708453201 10377,600000 -1,000000 -101,000000 0,000000 0,000000
188 1708453202 10377,600000 -1,000000 -101,000000 0,000000 0,000000
188 1708453203 10377,600000 -1,000000 -101,000000 0,000000 0,000000
188 1708453204 10377,600000 -1,000000 -101,000000 0,000000 0,000000
188 1708453205 10549,800000 -1,000000 -101,000000 0,000000 0,000000
188 1708453206 10549,800000 -1,000000 -101,000000 0,000000 0,000000
188 1708453207 10549,800000 -1,000000 -101,000000 0,000000 0,000000
188 1708453208 10549,800000 -1,000000 -101,000000 0,000000 0,000000
188 1708453209 10549,800000 -1,000000 -101,000000 0,000000 0,000000
188 1708453210 10862,200000 -1,000000 -101,000000 0,000000 0,000000
188 1708453211 10862,200000 -1,000000 -101,000000 0,000000 0,000000
188 1708453212 10862,200000 -1,000000 -101,000000 0,000000 0,000000
188 1708453213 10862,200000 -1,000000 -101,000000 0,000000 0,000000
188 1708453214 10862,200000 -1,000000 -101,000000 0,000000 0,000000
188 1708453220 3562,400000 -1,000000 -101,000000 0,000000 0,000000
188 1708453221 3562,400000 -1,000000 -101,000000 0,000000 0,000000
188 1708453222 3562,400000 -1,000000 -101,000000 0,000000 0,000000
188 1708453223 3562,400000 -1,000000 -101,000000 0,000000 0,000000
188 1708453224 3562,400000 -1,000000 -101,000000 0,000000 0,000000
188 1708453225 2494,200000 -1,000000 -101,000000 0,000000 0,000000
188 1708453226 2494,200000 -1,000000 -101,000000 0,000000 0,000000
188 1708453227 2494,200000 -1,000000 -101,000000 0,000000 0,000000
188 1708453228 2494,200000 -1,000000 -101,000000 0,000000 0,000000
188 1708453229 2494,200000 -1,000000 -101,000000 0,000000 0,000000
188 1708453230 8043,400000 -1,000000 -101,000000 0,000000 0,000000
188 1708453231 8043,400000 -1,000000 -101,000000 0,000000 0,000000
188 1708453232 8043,400000 -1,000000 -101,000000 0,000000 0,000000
188 1708453233 8043,400000 -1,000000 -101,000000 0,000000 0,000000
188 1708453234 8043,400000 -1,000000 -101,000000 0,000000 0,000000
188 1708453235 102304,000000 -1,000000 -101,000000 0,000000 0,000000
188 1708453236 102304,000000 -1,000000 -101,000000 0,000000 0,000000
188 1708453237 102304,000000 -1,000000 -101,000000 0,000000 0,000000
188 1708453238 102304,000000 -1,000000 -101,000000 0,000000 0,000000
188 1708453239 102304,000000 -1,000000 -101,000000 0,000000 0,000000
188 1708453240 8359,400000 -1,000000 -101,000000 0,000000 0,000000
188 1708453241 8359,400000 -1,000000 -101,000000 0,000000 0,000000
188 1708453242 8359,400000 -1,000000 -101,000000 0,000000 0,000000
188 1708453243 8359,400000 -1,000000 -101,000000 0,000000 0,000000
188 1708453244 8359,400000 -1,000000 -101,000000 0,000000 0,000000
188 1708453245 8038,600000 -1,000000 -101,000000 0,000000 0,000000
188 1708453246 8038,600000 -1,000000 -101,000000 0,000000 0,000000
188 1708453247 8038,600000 -1,000000 -101,000000 0,000000 0,000000
188 1708453248 8038,600000 -1,000000 -101,000000 0,000000 0,000000
188 1708453249 8038,600000 -1,000000 -101,000000 0,000000 0,000000
188 1708453250 217250,000000 -1,000000 -101,000000 0,000000 0,000000
188 1708453251 217250,000000 -1,000000 -101,000000 0,000000 0,000000
188 1708453252 217250,000000 -1,000000 -101,000000 0,000000 0,000000
188 1708453253 217250,000000 -1,000000 -101,000000 0,000000 0,000000
188 1708453254 217250,000000 -1,000000 -101,000000 0,000000 0,000000
188 1708453255 3050,000000 -1,000000 -101,000000 0,000000 0,000000
188 1708453256 3050,000000 -1,000000 -101,000000 0,000000 0,000000
188 1708453257 3050,000000 -1,000000 -101,000000 0,000000 0,000000
188 1708453258 3050,000000 -1,000000 -101,000000 0,000000 0,000000
188 1708453259 3050,000000 -1,000000 -101,000000 0,000000 0,000000
188 1708453260 95531,200000 -1,000000 -101,000000 0,000000 0,000000
188 1708453261 95531,200000 -1,000000 -101,000000 0,000000 0,000000
188 1708453262 95531,200000 -1,000000 -101,000000 0,000000 0,000000
188 1708453263 95531,200000 -1,000000 -101,000000 0,000000 0,000000
188 1708453264 95531,200000 -1,000000 -101,000000 0,000000 0,000000
188 1708453265 2495,000000 -1,000000 -101,000000 0,000000 0,000000
188 1708453266 2495,000000 -1,000000 -101,000000 0,000000 0,000000
188 1708453267 2495,000000 -1,000000 -101,000000 0,000000 0,000000
188 1708453268 2495,000000 -1,000000 -101,000000 0,000000 0,000000
188 1708453269 2495,000000 -1,000000 -101,000000 0,000000 0,000000
188 1708453270 5552,400000 -1,000000 -101,000000 0,000000 0,000000
188 1708453271 5552,400000 -1,000000 -101,000000 0,000000 0,000000
188 1708453272 5552,400000 -1,000000 -101,000000 0,000000 0,000000
188 1708453273 5552,400000 -1,000000 -101,000000 0,000000 0,000000
188 1708453274 5552,400000 -1,000000 -101,000000 0,000000 0,000000
188 1708453280 6116,000000 -1,000000 -101,000000 0,000000 0,000000
188 1708453281 6116,000000 -1,000000 -101,000000 0,000000 0,000000
188 1708453282 6116,000000 -1,000000 -101,000000 0,000000 0,000000
188 1708453283 6116,000000 -1,000000 -101,000000 0,000000 0,000000
188 1708453284 6116,000000 -1,000000 -101,000000 0,000000 0,000000
188 1708453285 4988,400000 -1,000000 -101,000000 0,000000 0,000000
188 1708453286 4988,400000 -1,000000 -101,000000 0,000000 0,000000
188 1708453287 4988,400000 -1,000000 -101,000000 0,000000 0,000000
188 1708453288 4988,400000 -1,000000 -101,000000 0,000000 0,000000
188 1708453289 4988,400000 -1,000000 -101,000000 0,000000 0,000000
188 1708453290 13858,000000 -1,000000 -101,000000 0,000000 0,000000
188 1708453291 13858,000000 -1,000000 -101,000000 0,000000 0,000000
188 1708453292 13858,000000 -1,000000 -101,000000 0,000000 0,000000
188 1708453293 13858,000000 -1,000000 -101,000000 0,000000 0,000000
188 1708453294 13858,000000 -1,000000 -101,000000 0,000000 0,000000
188 1708453295 2494,200000 -1,000000 -101,000000 0,000000 0,000000
188 1708453296 2494,200000 -1,000000 -101,000000 0,000000 0,000000
188 1708453297 2494,200000 -1,000000 -101,000000 0,000000 0,000000
188 1708453298 2494,200000 -1,000000 -101,000000 0,000000 0,000000
188 1708453299 2494,200000 -1,000000 -101,000000 0,000000 0,000000
188 1708453300 202012,200000 -1,000000 -101,000000 0,000000 0,000000
188 1708453301 202012,200000 -1,000000 -101,000000 0,000000 0,000000
188 1708453302 202012,200000 -1,000000 -101,000000 0,000000 0,000000
188 1708453303 202012,200000 -1,000000 -101,000000 0,000000 0,000000
188 1708453304 202012,200000 -1,000000 -101,000000 0,000000 0,000000
188 1708453305 100960,000000 -1,000000 -101,000000 0,000000 0,000000
188 1708453306 100960,000000 -1,000000 -101,000000 0,000000 0,000000
188 1708453307 100960,000000 -1,000000 -101,000000 0,000000 0,000000
188 1708453308 100960,000000 -1,000000 -101,000000 0,000000 0,000000
188 1708453309 100960,000000 -1,000000 -101,000000 0,000000 0,000000
188 1708453310 5559,800000 -1,000000 -101,000000 0,000000 0,000000
188 1708453311 5559,800000 -1,000000 -101,000000 0,000000 0,000000
188 1708453312 5559,800000 -1,000000 -101,000000 0,000000 0,000000
188 1708453313 5559,800000 -1,000000 -101,000000 0,000000 0,000000
188 1708453314 5559,800000 -1,000000 -101,000000 0,000000 0,000000
188 1708453315 3050,200000 -1,000000 -101,000000 0,000000 0,000000
188 1708453316 3050,200000 -1,000000 -101,000000 0,000000 0,000000
188 1708453317 3050,200000 -1,000000 -101,000000 0,000000 0,000000
188 1708453318 3050,200000 -1,000000 -101,000000 0,000000 0,000000
188 1708453319 3050,200000 -1,000000 -101,000000 0,000000 0,000000
188 1708453320 8315,200000 -1,000000 -101,000000 0,000000 0,000000
188 1708453321 8315,200000 -1,000000 -101,000000 0,000000 0,000000
188 1708453322 8315,200000 -1,000000 -101,000000 0,000000 0,000000
188 1708453323 8315,200000 -1,000000 -101,000000 0,000000 0,000000
188 1708453324 8315,200000 -1,000000 -101,000000 0,000000 0,000000
188 1708453325 4989,800000 -1,000000 -101,000000 0,000000 0,000000
188 1708453326 4989,800000 -1,000000 -101,000000 0,000000 0,000000
188 1708453327 4989,800000 -1,000000 -101,000000 0,000000 0,000000
188 1708453328 4989,800000 -1,000000 -101,000000 0,000000 0,000000
188 1708453329 4989,800000 -1,000000 -101,000000 0,000000 0,000000
188 1708453330 5547,200000 -1,000000 -101,000000 0,000000 0,000000
188 1708453331 5547,200000 -1,000000 -101,000000 0,000000 0,000000
188 1708453332 5547,200000 -1,000000 -101,000000 0,000000 0,000000
188 1708453333 5547,200000 -1,000000 -101,000000 0,000000 0,000000
188 1708453334 5547,200000 -1,000000 -101,000000 0,000000 0,000000
188 1708453335 96695,600000 -1,000000 -101,000000 0,000000 0,000000
188 1708453336 96695,600000 -1,000000 -101,000000 0,000000 0,000000
188 1708453337 96695,600000 -1,000000 -101,000000 0,000000 0,000000
188 1708453338 96695,600000 -1,000000 -101,000000 0,000000 0,000000
188 1708453339 96695,600000 -1,000000 -101,000000 0,000000 0,000000
188 1708453340 556,400000 -1,000000 -101,000000 0,000000 0,000000
188 1708453341 556,400000 -1,000000 -101,000000 0,000000 0,000000
188 1708453342 556,400000 -1,000000 -101,000000 0,000000 0,000000
188 1708453343 556,400000 -1,000000 -101,000000 0,000000 0,000000
188 1708453344 556,400000 -1,000000 -101,000000 0,000000 0,000000
188 1708453345 4987,400000 -1,000000 -101,000000 0,000000 0,000000
188 1708453346 4987,400000 -1,000000 -101,000000 0,000000 0,000000
188 1708453347 4987,400000 -1,000000 -101,000000 0,000000 0,000000
188 1708453348 4987,400000 -1,000000 -101,000000 0,000000 0,000000
188 1708453349 4987,400000 -1,000000 -101,000000 0,000000 0,000000
188 1708453350 188941,400000 -1,000000 -101,000000 0,000000 0,000000
188 1708453351 188941,400000 -1,000000 -101,000000 0,000000 0,000000
188 1708453352 188941,400000 -1,000000 -101,000000 0,000000 0,000000
188 1708453353 188941,400000 -1,000000 -101,000000 0,000000 0,000000
188 1708453354 188941,400000 -1,000000 -101,000000 0,000000 0,000000
188 1708453355 5558,800000 -1,000000 -101,000000 0,000000 0,000000
188 1708453356 5558,800000 -1,000000 -101,000000 0,000000 0,000000
188 1708453357 5558,800000 -1,000000 -101,000000 0,000000 0,000000
188 1708453358 5558,800000 -1,000000 -101,000000 0,000000 0,000000
188 1708453359 5558,800000 -1,000000 -101,000000 0,000000 0,000000
188 1708453360 3049,800000 -1,000000 -101,000000 0,000000 0,000000
188 1708453361 3049,800000 -1,000000 -101,000000 0,000000 0,000000
188 1708453362 3049,800000 -1,000000 -101,000000 0,000000 0,000000
188 1708453363 3049,800000 -1,000000 -101,000000 0,000000 0,000000
188 1708453364 3049,800000 -1,000000 -101,000000 0,000000 0,000000
188 1708453365 11053,800000 -1,000000 -101,000000 0,000000 0,000000
188 1708453366 11053,800000 -1,000000 -101,000000 0,000000 0,000000
188 1708453367 11053,800000 -1,000000 -101,000000 0,000000 0,000000
188 1708453368 11053,800000 -1,000000 -101,000000 0,000000 0,000000
188 1708453369 11053,800000 -1,000000 -101,000000 0,000000 0,000000
188 1708453370 7804,000000 -1,000000 -101,000000 0,000000 0,000000
188 1708453371 7804,000000 -1,000000 -101,000000 0,000000 0,000000
188 1708453372 7804,000000 -1,000000 -101,000000 0,000000 0,000000
188 1708453373 7804,000000 -1,000000 -101,000000 0,000000 0,000000
188 1708453374 7804,000000 -1,000000 -101,000000 0,000000 0,000000
188 1708453375 94993,400000 -1,000000 -101,000000 0,000000 0,000000
188 1708453376 94993,400000 -1,000000 -101,000000 0,000000 0,000000
188 1708453377 94993,400000 -1,000000 -101,000000 0,000000 0,000000
188 1708453378 94993,400000 -1,000000 -101,000000 0,000000 0,000000
188 1708453379 94993,400000 -1,000000 -101,000000 0,000000 0,000000
188 1708453385 8053,400000 -1,000000 -101,000000 0,000000 0,000000
188 1708453386 8053,400000 -1,000000 -101,000000 0,000000 0,000000
188 1708453387 8053,400000 -1,000000 -101,000000 0,000000 0,000000
188 1708453388 8053,400000 -1,000000 -101,000000 0,000000 0,000000
188 1708453389 8053,400000 -1,000000 -101,000000 0,000000 0,000000
188 1708453390 5549,800000 -1,000000 -101,000000 0,000000 0,000000
188 1708453391 5549,800000 -1,000000 -101,000000 0,000000 0,000000
188 1708453392 5549,800000 -1,000000 -101,000000 0,000000 0,000000
188 1708453393 5549,800000 -1,000000 -101,000000 0,000000 0,000000
188 1708453394 5549,800000 -1,000000 -101,000000 0,000000 0,000000
188 1708453395 7997,600000 -1,000000 -101,000000 0,000000 0,000000
188 1708453396 7997,600000 -1,000000 -101,000000 0,000000 0,000000
188 1708453397 7997,600000 -1,000000 -101,000000 0,000000 0,000000
188 1708453398 7997,600000 -1,000000 -101,000000 0,000000 0,000000
188 1708453399 7997,600000 -1,000000 -101,000000 0,000000 0,000000
188 1708453400 8362,800000 -1,000000 -101,000000 0,000000 0,000000
188 1708453401 8362,800000 -1,000000 -101,000000 0,000000 0,000000
188 1708453402 8362,800000 -1,000000 -101,000000 0,000000 0,000000
188 1708453403 8362,800000 -1,000000 -101,000000 0,000000 0,000000
188 1708453404 8362,800000 -1,000000 -101,000000 0,000000 0,000000
188 1708453405 279296,600000 -1,000000 -101,000000 0,000000 0,000000
188 1708453406 279296,600000 -1,000000 -101,000000 0,000000 0,000000
188 1708453407 279296,600000 -1,000000 -101,000000 0,000000 0,000000
188 1708453408 279296,600000 -1,000000 -101,000000 0,000000 0,000000
188 1708453409 279296,600000 -1,000000 -101,000000 0,000000 0,000000
188 1708453410 5549,800000 -1,000000 -101,000000 0,000000 0,000000
188 1708453411 5549,800000 -1,000000 -101,000000 0,000000 0,000000
188 1708453412 5549,800000 -1,000000 -101,000000 0,000000 0,000000
188 1708453413 5549,800000 -1,000000 -101,000000 0,000000 0,000000
188 1708453414 5549,800000 -1,000000 -101,000000 0,000000 0,000000
188 1708453420 3049,400000 -1,000000 -101,000000 0,000000 0,000000
188 1708453421 3049,400000 -1,000000 -101,000000 0,000000 0,000000
188 1708453422 3049,400000 -1,000000 -101,000000 0,000000 0,000000
188 1708453423 3049,400000 -1,000000 -101,000000 0,000000 0,000000
188 1708453424 3049,400000 -1,000000 -101,000000 0,000000 0,000000
188 1708453425 11106,200000 -1,000000 -101,000000 0,000000 0,000000
188 1708453426 11106,200000 -1,000000 -101,000000 0,000000 0,000000
188 1708453427 11106,200000 -1,000000 -101,000000 0,000000 0,000000
188 1708453428 11106,200000 -1,000000 -101,000000 0,000000 0,000000
188 1708453429 11106,200000 -1,000000 -101,000000 0,000000 0,000000
188 1708453435 556,000000 -1,000000 -101,000000 0,000000 0,000000
188 1708453436 556,000000 -1,000000 -101,000000 0,000000 0,000000
188 1708453437 556,000000 -1,000000 -101,000000 0,000000 0,000000
188 1708453438 556,000000 -1,000000 -101,000000 0,000000 0,000000
188 1708453439 556,000000 -1,000000 -101,000000 0,000000 0,000000
188 1708453440 5501,000000 -1,000000 -101,000000 0,000000 0,000000
188 1708453441 5501,000000 -1,000000 -101,000000 0,000000 0,000000
188 1708453442 5501,000000 -1,000000 -101,000000 0,000000 0,000000
188 1708453443 5501,000000 -1,000000 -101,000000 0,000000 0,000000
188 1708453444 5501,000000 -1,000000 -101,000000 0,000000 0,000000
188 1708453445 99721,800000 -1,000000 -101,000000 0,000000 0,000000
188 1708453446 99721,800000 -1,000000 -101,000000 0,000000 0,000000
188 1708453447 99721,800000 -1,000000 -101,000000 0,000000 0,000000
188 1708453448 99721,800000 -1,000000 -101,000000 0,000000 0,000000
188 1708453449 99721,800000 -1,000000 -101,000000 0,000000 0,000000
188 1708453450 13363,600000 -1,000000 -101,000000 0,000000 0,000000
188 1708453451 13363,600000 -1,000000 -101,000000 0,000000 0,000000
188 1708453452 13363,600000 -1,000000 -101,000000 0,000000 0,000000
188 1708453453 13363,600000 -1,000000 -101,000000 0,000000 0,000000
188 1708453454 13363,600000 -1,000000 -101,000000 0,000000 0,000000
188 1708453455 190347,800000 -1,000000 -101,000000 0,000000 0,000000
188 1708453456 190347,800000 -1,000000 -101,000000 0,000000 0,000000
188 1708453457 190347,800000 -1,000000 -101,000000 0,000000 0,000000
188 1708453458 190347,800000 -1,000000 -101,000000 0,000000 0,000000
188 1708453459 190347,800000 -1,000000 -101,000000 0,000000 0,000000
188 1708453460 556,400000 -1,000000 -101,000000 0,000000 0,000000
188 1708453461 556,400000 -1,000000 -101,000000 0,000000 0,000000
188 1708453462 556,400000 -1,000000 -101,000000 0,000000 0,000000
188 1708453463 556,400000 -1,000000 -101,000000 0,000000 0,000000
188 1708453464 556,400000 -1,000000 -101,000000 0,000000 0,000000
188 1708453465 4987,400000 -1,000000 -101,000000 0,000000 0,000000
188 1708453466 4987,400000 -1,000000 -101,000000 0,000000 0,000000
188 1708453467 4987,400000 -1,000000 -101,000000 0,000000 0,000000
188 1708453468 4987,400000 -1,000000 -101,000000 0,000000 0,000000
188 1708453469 4987,400000 -1,000000 -101,000000 0,000000 0,000000
188 1708453470 8554,800000 -1,000000 -101,000000 0,000000 0,000000
