190 1708452160 1,600000 -1,000000 -101,000000 0,000000 0,000000
190 1708452161 1,600000 -1,000000 -101,000000 0,000000 0,000000
190 1708452162 1,600000 -1,000000 -101,000000 0,000000 0,000000
190 1708452163 1,600000 -1,000000 -101,000000 0,000000 0,000000
190 1708452164 1,600000 -1,000000 -101,000000 0,000000 0,000000
190 1708452165 5,000000 -1,000000 -101,000000 0,000000 0,000000
190 1708452166 5,000000 -1,000000 -101,000000 0,000000 0,000000
190 1708452167 5,000000 -1,000000 -101,000000 0,000000 0,000000
190 1708452168 5,000000 -1,000000 -101,000000 0,000000 0,000000
190 1708452169 5,000000 -1,000000 -101,000000 0,000000 0,000000
190 1708452170 6,000000 -1,000000 -101,000000 0,000000 0,000000
190 1708452171 6,000000 -1,000000 -101,000000 0,000000 0,000000
190 1708452172 6,000000 -1,000000 -101,000000 0,000000 0,000000
190 1708452173 6,000000 -1,000000 -101,000000 0,000000 0,000000
190 1708452174 6,000000 -1,000000 -101,000000 0,000000 0,000000
190 1708452175 4,200000 -1,000000 -101,000000 0,000000 0,000000
190 1708452176 4,200000 -1,000000 -101,000000 0,000000 0,000000
190 1708452177 4,200000 -1,000000 -101,000000 0,000000 0,000000
190 1708452178 4,200000 -1,000000 -101,000000 0,000000 0,000000
190 1708452179 4,200000 -1,000000 -101,000000 0,000000 0,000000
190 1708452180 5,000000 -1,000000 -101,000000 0,000000 0,000000
190 1708452181 5,000000 -1,000000 -101,000000 0,000000 0,000000
190 1708452182 5,000000 -1,000000 -101,000000 0,000000 0,000000
190 1708452183 5,000000 -1,000000 -101,000000 0,000000 0,000000
190 1708452184 5,000000 -1,000000 -101,000000 0,000000 0,000000
190 1708452185 4,800000 -1,000000 -101,000000 0,000000 0,000000
190 1708452186 4,800000 -1,000000 -101,000000 0,000000 0,000000
190 1708452187 4,800000 -1,000000 -101,000000 0,000000 0,000000
190 1708452188 4,800000 -1,000000 -101,000000 0,000000 0,000000
190 1708452189 4,800000 -1,000000 -101,000000 0,000000 0,000000
190 1708452190 8,800000 -1,000000 -101,000000 0,000000 0,000000
190 1708452191 8,800000 -1,000000 -101,000000 0,000000 0,000000
190 1708452192 8,800000 -1,000000 -101,000000 0,000000 0,000000
190 1708452193 8,800000 -1,000000 -101,000000 0,000000 0,000000
190 1708452194 8,800000 -1,000000 -101,000000 0,000000 0,000000
190 1708452195 2,000000 -1,000000 -101,000000 0,000000 0,000000
190 1708452196 2,000000 -1,000000 -101,000000 0,000000 0,000000
190 1708452197 2,000000 -1,000000 -101,000000 0,000000 0,000000
190 1708452198 2,000000 -1,000000 -101,000000 0,000000 0,000000
190 1708452199 2,000000 -1,000000 -101,000000 0,000000 0,000000
190 1708452200 5,600000 -1,000000 -101,000000 0,000000 0,000000
190 1708452201 5,600000 -1,000000 -101,000000 0,000000 0,000000
190 1708452202 5,600000 -1,000000 -101,000000 0,000000 0,000000
190 1708452203 5,600000 -1,000000 -101,000000 0,000000 0,000000
190 1708452204 5,600000 -1,000000 -101,000000 0,000000 0,000000
190 1708452205 4,200000 -1,000000 -101,000000 0,000000 0,000000
190 1708452206 4,200000 -1,000000 -101,000000 0,000000 0,000000
190 1708452207 4,200000 -1,000000 -101,000000 0,000000 0,000000
190 1708452208 4,200000 -1,000000 -101,000000 0,000000 0,000000
190 1708452209 4,200000 -1,000000 -101,000000 0,000000 0,000000
190 1708452210 3,400000 -1,000000 -101,000000 0,000000 0,000000
190 1708452211 3,400000 -1,000000 -101,000000 0,000000 0,000000
190 1708452212 3,400000 -1,000000 -101,000000 0,000000 0,000000
190 1708452213 3,400000 -1,000000 -101,000000 0,000000 0,000000
190 1708452214 3,400000 -1,000000 -101,000000 0,000000 0,000000
190 1708452215 0,400000 -1,000000 -101,000000 0,000000 0,000000
190 1708452216 0,400000 -1,000000 -101,000000 0,000000 0,000000
190 1708452217 0,400000 -1,000000 -101,000000 0,000000 0,000000
190 1708452218 0,400000 -1,000000 -101,000000 0,000000 0,000000
190 1708452219 0,400000 -1,000000 -101,000000 0,000000 0,000000
190 1708452220 1,600000 -1,000000 -101,000000 0,000000 0,000000
190 1708452221 1,600000 -1,000000 -101,000000 0,000000 0,000000
190 1708452222 1,600000 -1,000000 -101,000000 0,000000 0,000000
190 1708452223 1,600000 -1,000000 -101,000000 0,000000 0,000000
190 1708452224 1,600000 -1,000000 -101,000000 0,000000 0,000000
190 1708452225 5,000000 -1,000000 -101,000000 0,000000 0,000000
190 1708452226 5,000000 -1,000000 -101,000000 0,000000 0,000000
190 1708452227 5,000000 -1,000000 -101,000000 0,000000 0,000000
190 1708452228 5,000000 -1,000000 -101,000000 0,000000 0,000000
190 1708452229 5,000000 -1,000000 -101,000000 0,000000 0,000000
190 1708452230 3,800000 -1,000000 -101,000000 0,000000 0,000000
190 1708452231 3,800000 -1,000000 -101,000000 0,000000 0,000000
190 1708452232 3,800000 -1,000000 -101,000000 0,000000 0,000000
190 1708452233 3,800000 -1,000000 -101,000000 0,000000 0,000000
190 1708452234 3,800000 -1,000000 -101,000000 0,000000 0,000000
190 1708452245 5,400000 -1,000000 -101,000000 0,000000 0,000000
190 1708452246 5,400000 -1,000000 -101,000000 0,000000 0,000000
190 1708452247 5,400000 -1,000000 -101,000000 0,000000 0,000000
190 1708452248 5,400000 -1,000000 -101,000000 0,000000 0,000000
190 1708452249 5,400000 -1,000000 -101,000000 0,000000 0,000000
190 1708452250 11,000000 -1,000000 -101,000000 0,000000 0,000000
190 1708452251 11,000000 -1,000000 -101,000000 0,000000 0,000000
190 1708452252 11,000000 -1,000000 -101,000000 0,000000 0,000000
190 1708452253 11,000000 -1,000000 -101,000000 0,000000 0,000000
190 1708452254 11,000000 -1,000000 -101,000000 0,000000 0,000000
190 1708452255 3,600000 -1,000000 -101,000000 0,000000 0,000000
190 1708452256 3,600000 -1,000000 -101,000000 0,000000 0,000000
190 1708452257 3,600000 -1,000000 -101,000000 0,000000 0,000000
190 1708452258 3,600000 -1,000000 -101,000000 0,000000 0,000000
190 1708452259 3,600000 -1,000000 -101,000000 0,000000 0,000000
190 1708452260 1,600000 -1,000000 -101,000000 0,000000 0,000000
190 1708452261 1,600000 -1,000000 -101,000000 0,000000 0,000000
190 1708452262 1,600000 -1,000000 -101,000000 0,000000 0,000000
190 1708452263 1,600000 -1,000000 -101,000000 0,000000 0,000000
190 1708452264 1,600000 -1,000000 -101,000000 0,000000 0,000000
190 1708452265 5,400000 -1,000000 -101,000000 0,000000 0,000000
190 1708452266 5,400000 -1,000000 -101,000000 0,000000 0,000000
190 1708452267 5,400000 -1,000000 -101,000000 0,000000 0,000000
190 1708452268 5,400000 -1,000000 -101,000000 0,000000 0,000000
190 1708452269 5,400000 -1,000000 -101,000000 0,000000 0,000000
190 1708452270 3,400000 -1,000000 -101,000000 0,000000 0,000000
190 1708452271 3,400000 -1,000000 -101,000000 0,000000 0,000000
190 1708452272 3,400000 -1,000000 -101,000000 0,000000 0,000000
190 1708452273 3,400000 -1,000000 -101,000000 0,000000 0,000000
190 1708452274 3,400000 -1,000000 -101,000000 0,000000 0,000000
190 1708452275 5,800000 -1,000000 -101,000000 0,000000 0,000000
190 1708452276 5,800000 -1,000000 -101,000000 0,000000 0,000000
190 1708452277 5,800000 -1,000000 -101,000000 0,000000 0,000000
190 1708452278 5,800000 -1,000000 -101,000000 0,000000 0,000000
190 1708452279 5,800000 -1,000000 -101,000000 0,000000 0,000000
190 1708452280 11,000000 -1,000000 -101,000000 0,000000 0,000000
190 1708452281 11,000000 -1,000000 -101,000000 0,000000 0,000000
190 1708452282 11,000000 -1,000000 -101,000000 0,000000 0,000000
190 1708452283 11,000000 -1,000000 -101,000000 0,000000 0,000000
190 1708452284 11,000000 -1,000000 -101,000000 0,000000 0,000000
190 1708452285 3,400000 -1,000000 -101,000000 0,000000 0,000000
190 1708452286 3,400000 -1,000000 -101,000000 0,000000 0,000000
190 1708452287 3,400000 -1,000000 -101,000000 0,000000 0,000000
190 1708452288 3,400000 -1,000000 -101,000000 0,000000 0,000000
190 1708452289 3,400000 -1,000000 -101,000000 0,000000 0,000000
190 1708452290 0,400000 -1,000000 -101,000000 0,000000 0,000000
190 1708452291 0,400000 -1,000000 -101,000000 0,000000 0,000000
190 1708452292 0,400000 -1,000000 -101,000000 0,000000 0,000000
190 1708452293 0,400000 -1,000000 -101,000000 0,000000 0,000000
190 1708452294 0,400000 -1,000000 -101,000000 0,000000 0,000000
190 1708452305 1,600000 -1,000000 -101,000000 0,000000 0,000000
190 1708452306 1,600000 -1,000000 -101,000000 0,000000 0,000000
190 1708452307 1,600000 -1,000000 -101,000000 0,000000 0,000000
190 1708452308 1,600000 -1,000000 -101,000000 0,000000 0,000000
190 1708452309 1,600000 -1,000000 -101,000000 0,000000 0,000000
190 1708452310 3,400000 -1,000000 -101,000000 0,000000 0,000000
190 1708452311 3,400000 -1,000000 -101,000000 0,000000 0,000000
190 1708452312 3,400000 -1,000000 -101,000000 0,000000 0,000000
190 1708452313 3,400000 -1,000000 -101,000000 0,000000 0,000000
190 1708452314 3,400000 -1,000000 -101,000000 0,000000 0,000000
190 1708452315 2,600000 -1,000000 -101,000000 0,000000 0,000000
190 1708452316 2,600000 -1,000000 -101,000000 0,000000 0,000000
190 1708452317 2,600000 -1,000000 -101,000000 0,000000 0,000000
190 1708452318 2,600000 -1,000000 -101,000000 0,000000 0,000000
190 1708452319 2,600000 -1,000000 -101,000000 0,000000 0,000000
190 1708452320 1,600000 -1,000000 -101,000000 0,000000 0,000000
190 1708452321 1,600000 -1,000000 -101,000000 0,000000 0,000000
190 1708452322 1,600000 -1,000000 -101,000000 0,000000 0,000000
190 1708452323 1,600000 -1,000000 -101,000000 0,000000 0,000000
190 1708452324 1,600000 -1,000000 -101,000000 0,000000 0,000000
190 1708452325 10,600000 -1,000000 -101,000000 0,000000 0,000000
190 1708452326 10,600000 -1,000000 -101,000000 0,000000 0,000000
190 1708452327 10,600000 -1,000000 -101,000000 0,000000 0,000000
190 1708452328 10,600000 -1,000000 -101,000000 0,000000 0,000000
190 1708452329 10,600000 -1,000000 -101,000000 0,000000 0,000000
190 1708452330 11,800000 -1,000000 -101,000000 0,000000 0,000000
190 1708452331 11,800000 -1,000000 -101,000000 0,000000 0,000000
190 1708452332 11,800000 -1,000000 -101,000000 0,000000 0,000000
190 1708452333 11,800000 -1,000000 -101,000000 0,000000 0,000000
190 1708452334 11,800000 -1,000000 -101,000000 0,000000 0,000000
190 1708452335 4,200000 -1,000000 -101,000000 0,000000 0,000000
190 1708452336 4,200000 -1,000000 -101,000000 0,000000 0,000000
190 1708452337 4,200000 -1,000000 -101,000000 0,000000 0,000000
190 1708452338 4,200000 -1,000000 -101,000000 0,000000 0,000000
190 1708452339 4,200000 -1,000000 -101,000000 0,000000 0,000000
190 1708452340 1,600000 -1,000000 -101,000000 0,000000 0,000000
190 1708452341 1,600000 -1,000000 -101,000000 0,000000 0,000000
190 1708452342 1,600000 -1,000000 -101,000000 0,000000 0,000000
190 1708452343 1,600000 -1,000000 -101,000000 0,000000 0,000000
190 1708452344 1,600000 -1,000000 -101,000000 0,000000 0,000000
190 1708452345 5,600000 -1,000000 -101,000000 0,000000 0,000000
190 1708452346 5,600000 -1,000000 -101,000000 0,000000 0,000000
190 1708452347 5,600000 -1,000000 -101,000000 0,000000 0,000000
190 1708452348 5,600000 -1,000000 -101,000000 0,000000 0,000000
190 1708452349 5,600000 -1,000000 -101,000000 0,000000 0,000000
190 1708452350 0,400000 -1,000000 -101,000000 0,000000 0,000000
190 1708452351 0,400000 -1,000000 -101,000000 0,000000 0,000000
190 1708452352 0,400000 -1,000000 -101,000000 0,000000 0,000000
190 1708452353 0,400000 -1,000000 -101,000000 0,000000 0,000000
190 1708452354 0,400000 -1,000000 -101,000000 0,000000 0,000000
190 1708452355 4,200000 -1,000000 -101,000000 0,000000 0,000000
190 1708452356 4,200000 -1,000000 -101,000000 0,000000 0,000000
190 1708452357 4,200000 -1,000000 -101,000000 0,000000 0,000000
190 1708452358 4,200000 -1,000000 -101,000000 0,000000 0,000000
190 1708452359 4,200000 -1,000000 -101,000000 0,000000 0,000000
190 1708452360 3,400000 -1,000000 -101,000000 0,000000 0,000000
190 1708452361 3,400000 -1,000000 -101,000000 0,000000 0,000000
190 1708452362 3,400000 -1,000000 -101,000000 0,000000 0,000000
190 1708452363 3,400000 -1,000000 -101,000000 0,000000 0,000000
190 1708452364 3,400000 -1,000000 -101,000000 0,000000 0,000000
190 1708452365 1,600000 -1,000000 -101,000000 0,000000 0,000000
190 1708452366 1,600000 -1,000000 -101,000000 0,000000 0,000000
190 1708452367 1,600000 -1,000000 -101,000000 0,000000 0,000000
190 1708452368 1,600000 -1,000000 -101,000000 0,000000 0,000000
190 1708452369 1,600000 -1,000000 -101,000000 0,000000 0,000000
190 1708452370 3,400000 -1,000000 -101,000000 0,000000 0,000000
190 1708452371 3,400000 -1,000000 -101,000000 0,000000 0,000000
190 1708452372 3,400000 -1,000000 -101,000000 0,000000 0,000000
190 1708452373 3,400000 -1,000000 -101,000000 0,000000 0,000000
190 1708452374 3,400000 -1,000000 -101,000000 0,000000 0,000000
190 1708452375 0,400000 -1,000000 -101,000000 0,000000 0,000000
190 1708452376 0,400000 -1,000000 -101,000000 0,000000 0,000000
190 1708452377 0,400000 -1,000000 -101,000000 0,000000 0,000000
190 1708452378 0,400000 -1,000000 -101,000000 0,000000 0,000000
190 1708452379 0,400000 -1,000000 -101,000000 0,000000 0,000000
190 1708452380 5,000000 -1,000000 -101,000000 0,000000 0,000000
190 1708452381 5,000000 -1,000000 -101,000000 0,000000 0,000000
190 1708452382 5,000000 -1,000000 -101,000000 0,000000 0,000000
190 1708452383 5,000000 -1,000000 -101,000000 0,000000 0,000000
190 1708452384 5,000000 -1,000000 -101,000000 0,000000 0,000000
190 1708452385 1,600000 -1,000000 -101,000000 0,000000 0,000000
190 1708452386 1,600000 -1,000000 -101,000000 0,000000 0,000000
190 1708452387 1,600000 -1,000000 -101,000000 0,000000 0,000000
190 1708452388 1,600000 -1,000000 -101,000000 0,000000 0,000000
190 1708452389 1,600000 -1,000000 -101,000000 0,000000 0,000000
190 1708452390 7,200000 -1,000000 -101,000000 0,000000 0,000000
190 1708452391 7,200000 -1,000000 -101,000000 0,000000 0,000000
190 1708452392 7,200000 -1,000000 -101,000000 0,000000 0,000000
190 1708452393 7,200000 -1,000000 -101,000000 0,000000 0,000000
190 1708452394 7,200000 -1,000000 -101,000000 0,000000 0,000000
190 1708452395 3,600000 -1,000000 -101,000000 0,000000 0,000000
190 1708452396 3,600000 -1,000000 -101,000000 0,000000 0,000000
190 1708452397 3,600000 -1,000000 -101,000000 0,000000 0,000000
190 1708452398 3,600000 -1,000000 -101,000000 0,000000 0,000000
190 1708452399 3,600000 -1,000000 -101,000000 0,000000 0,000000
190 1708452400 5,800000 -1,000000 -101,000000 0,000000 0,000000
190 1708452401 5,800000 -1,000000 -101,000000 0,000000 0,000000
190 1708452402 5,800000 -1,000000 -101,000000 0,000000 0,000000
190 1708452403 5,800000 -1,000000 -101,000000 0,000000 0,000000
190 1708452404 5,800000 -1,000000 -101,000000 0,000000 0,000000
190 1708452405 8,800000 -1,000000 -101,000000 0,000000 0,000000
190 1708452406 8,800000 -1,000000 -101,000000 0,000000 0,000000
190 1708452407 8,800000 -1,000000 -101,000000 0,000000 0,000000
190 1708452408 8,800000 -1,000000 -101,000000 0,000000 0,000000
190 1708452409 8,800000 -1,000000 -101,000000 0,000000 0,000000
190 1708452410 3,800000 -1,000000 -101,000000 0,000000 0,000000
190 1708452411 3,800000 -1,000000 -101,000000 0,000000 0,000000
190 1708452412 3,800000 -1,000000 -101,000000 0,000000 0,000000
190 1708452413 3,800000 -1,000000 -101,000000 0,000000 0,000000
190 1708452414 3,800000 -1,000000 -101,000000 0,000000 0,000000
190 1708452420 2,200000 -1,000000 -101,000000 0,000000 0,000000
190 1708452421 2,200000 -1,000000 -101,000000 0,000000 0,000000
190 1708452422 2,200000 -1,000000 -101,000000 0,000000 0,000000
190 1708452423 2,200000 -1,000000 -101,000000 0,000000 0,000000
190 1708452424 2,200000 -1,000000 -101,000000 0,000000 0,000000
190 1708452425 1,600000 -1,000000 -101,000000 0,000000 0,000000
190 1708452426 1,600000 -1,000000 -101,000000 0,000000 0,000000
190 1708452427 1,600000 -1,000000 -101,000000 0,000000 0,000000
190 1708452428 1,600000 -1,000000 -101,000000 0,000000 0,000000
190 1708452429 1,600000 -1,000000 -101,000000 0,000000 0,000000
190 1708452430 7,600000 -1,000000 -101,000000 0,000000 0,000000
190 1708452431 7,600000 -1,000000 -101,000000 0,000000 0,000000
190 1708452432 7,600000 -1,000000 -101,000000 0,000000 0,000000
190 1708452433 7,600000 -1,000000 -101,000000 0,000000 0,000000
190 1708452434 7,600000 -1,000000 -101,000000 0,000000 0,000000
190 1708452435 5,400000 -1,000000 -101,000000 0,000000 0,000000
190 1708452436 5,400000 -1,000000 -101,000000 0,000000 0,000000
190 1708452437 5,400000 -1,000000 -101,000000 0,000000 0,000000
190 1708452438 5,400000 -1,000000 -101,000000 0,000000 0,000000
190 1708452439 5,400000 -1,000000 -101,000000 0,000000 0,000000
190 1708452440 3,400000 -1,000000 -101,000000 0,000000 0,000000
190 1708452441 3,400000 -1,000000 -101,000000 0,000000 0,000000
190 1708452442 3,400000 -1,000000 -101,000000 0,000000 0,000000
190 1708452443 3,400000 -1,000000 -101,000000 0,000000 0,000000
190 1708452444 3,400000 -1,000000 -101,000000 0,000000 0,000000
190 1708452445 1,600000 -1,000000 -101,000000 0,000000 0,000000
190 1708452446 1,600000 -1,000000 -101,000000 0,000000 0,000000
190 1708452447 1,600000 -1,000000 -101,000000 0,000000 0,000000
190 1708452448 1,600000 -1,000000 -101,000000 0,000000 0,000000
190 1708452449 1,600000 -1,000000 -101,000000 0,000000 0,000000
190 1708452450 3,400000 -1,000000 -101,000000 0,000000 0,000000
190 1708452451 3,400000 -1,000000 -101,000000 0,000000 0,000000
190 1708452452 3,400000 -1,000000 -101,000000 0,000000 0,000000
190 1708452453 3,400000 -1,000000 -101,000000 0,000000 0,000000
190 1708452454 3,400000 -1,000000 -101,000000 0,000000 0,000000
190 1708452455 0,400000 -1,000000 -101,000000 0,000000 0,000000
190 1708452456 0,400000 -1,000000 -101,000000 0,000000 0,000000
190 1708452457 0,400000 -1,000000 -101,000000 0,000000 0,000000
190 1708452458 0,400000 -1,000000 -101,000000 0,000000 0,000000
190 1708452459 0,400000 -1,000000 -101,000000 0,000000 0,000000
190 1708452460 3,200000 -1,000000 -101,000000 0,000000 0,000000
190 1708452461 3,200000 -1,000000 -101,000000 0,000000 0,000000
190 1708452462 3,200000 -1,000000 -101,000000 0,000000 0,000000
190 1708452463 3,200000 -1,000000 -101,000000 0,000000 0,000000
190 1708452464 3,200000 -1,000000 -101,000000 0,000000 0,000000
190 1708452465 8,800000 -1,000000 -101,000000 0,000000 0,000000
190 1708452466 8,800000 -1,000000 -101,000000 0,000000 0,000000
190 1708452467 8,800000 -1,000000 -101,000000 0,000000 0,000000
190 1708452468 8,800000 -1,000000 -101,000000 0,000000 0,000000
190 1708452469 8,800000 -1,000000 -101,000000 0,000000 0,000000
190 1708452470 0,400000 -1,000000 -101,000000 0,000000 0,000000
190 1708452471 0,400000 -1,000000 -101,000000 0,000000 0,000000
190 1708452472 0,400000 -1,000000 -101,000000 0,000000 0,000000
190 1708452473 0,400000 -1,000000 -101,000000 0,000000 0,000000
190 1708452474 0,400000 -1,000000 -101,000000 0,000000 0,000000
190 1708452475 8,000000 -1,000000 -101,000000 0,000000 0,000000
190 1708452476 8,000000 -1,000000 -101,000000 0,000000 0,000000
190 1708452477 8,000000 -1,000000 -101,000000 0,000000 0,000000
190 1708452478 8,000000 -1,000000 -101,000000 0,000000 0,000000
190 1708452479 8,000000 -1,000000 -101,000000 0,000000 0,000000
190 1708452480 1,600000 -1,000000 -101,000000 0,000000 0,000000
190 1708452481 1,600000 -1,000000 -101,000000 0,000000 0,000000
190 1708452482 1,600000 -1,000000 -101,000000 0,000000 0,000000
190 1708452483 1,600000 -1,000000 -101,000000 0,000000 0,000000
190 1708452484 1,600000 -1,000000 -101,000000 0,000000 0,000000
190 1708452485 6,600000 -1,000000 -101,000000 0,000000 0,000000
190 1708452486 6,600000 -1,000000 -101,000000 0,000000 0,000000
190 1708452487 6,600000 -1,000000 -101,000000 0,000000 0,000000
190 1708452488 6,600000 -1,000000 -101,000000 0,000000 0,000000
190 1708452489 6,600000 -1,000000 -101,000000 0,000000 0,000000
190 1708452490 6,800000 -1,000000 -101,000000 0,000000 0,000000
190 1708452491 6,800000 -1,000000 -101,000000 0,000000 0,000000
190 1708452492 6,800000 -1,000000 -101,000000 0,000000 0,000000
190 1708452493 6,800000 -1,000000 -101,000000 0,000000 0,000000
190 1708452494 6,800000 -1,000000 -101,000000 0,000000 0,000000
190 1708452495 2,600000 -1,000000 -101,000000 0,000000 0,000000
190 1708452496 2,600000 -1,000000 -101,000000 0,000000 0,000000
190 1708452497 2,600000 -1,000000 -101,000000 0,000000 0,000000
190 1708452498 2,600000 -1,000000 -101,000000 0,000000 0,000000
190 1708452499 2,600000 -1,000000 -101,000000 0,000000 0,000000
190 1708452505 4,200000 -1,000000 -101,000000 0,000000 0,000000
190 1708452506 4,200000 -1,000000 -101,000000 0,000000 0,000000
190 1708452507 4,200000 -1,000000 -101,000000 0,000000 0,000000
190 1708452508 4,200000 -1,000000 -101,000000 0,000000 0,000000
190 1708452509 4,200000 -1,000000 -101,000000 0,000000 0,000000
190 1708452510 3,400000 -1,000000 -101,000000 0,000000 0,000000
190 1708452511 3,400000 -1,000000 -101,000000 0,000000 0,000000
190 1708452512 3,400000 -1,000000 -101,000000 0,000000 0,000000
190 1708452513 3,400000 -1,000000 -101,000000 0,000000 0,000000
190 1708452514 3,400000 -1,000000 -101,000000 0,000000 0,000000
190 1708452515 2,000000 -1,000000 -101,000000 0,000000 0,000000
190 1708452516 2,000000 -1,000000 -101,000000 0,000000 0,000000
190 1708452517 2,000000 -1,000000 -101,000000 0,000000 0,000000
190 1708452518 2,000000 -1,000000 -101,000000 0,000000 0,000000
190 1708452519 2,000000 -1,000000 -101,000000 0,000000 0,000000
190 1708452520 5,000000 -1,000000 -101,000000 0,000000 0,000000
190 1708452521 5,000000 -1,000000 -101,000000 0,000000 0,000000
190 1708452522 5,000000 -1,000000 -101,000000 0,000000 0,000000
190 1708452523 5,000000 -1,000000 -101,000000 0,000000 0,000000
190 1708452524 5,000000 -1,000000 -101,000000 0,000000 0,000000
190 1708452525 3,400000 -1,000000 -101,000000 0,000000 0,000000
190 1708452526 3,400000 -1,000000 -101,000000 0,000000 0,000000
190 1708452527 3,400000 -1,000000 -101,000000 0,000000 0,000000
190 1708452528 3,400000 -1,000000 -101,000000 0,000000 0,000000
190 1708452529 3,400000 -1,000000 -101,000000 0,000000 0,000000
190 1708452530 3,600000 -1,000000 -101,000000 0,000000 0,000000
190 1708452531 3,600000 -1,000000 -101,000000 0,000000 0,000000
190 1708452532 3,600000 -1,000000 -101,000000 0,000000 0,000000
190 1708452533 3,600000 -1,000000 -101,000000 0,000000 0,000000
190 1708452534 3,600000 -1,000000 -101,000000 0,000000 0,000000
190 1708452535 6,600000 -1,000000 -101,000000 0,000000 0,000000
190 1708452536 6,600000 -1,000000 -101,000000 0,000000 0,000000
190 1708452537 6,600000 -1,000000 -101,000000 0,000000 0,000000
190 1708452538 6,600000 -1,000000 -101,000000 0,000000 0,000000
190 1708452539 6,600000 -1,000000 -101,000000 0,000000 0,000000
190 1708452540 2,200000 -1,000000 -101,000000 0,000000 0,000000
190 1708452541 2,200000 -1,000000 -101,000000 0,000000 0,000000
190 1708452542 2,200000 -1,000000 -101,000000 0,000000 0,000000
190 1708452543 2,200000 -1,000000 -101,000000 0,000000 0,000000
190 1708452544 2,200000 -1,000000 -101,000000 0,000000 0,000000
190 1708452545 9,600000 -1,000000 -101,000000 0,000000 0,000000
190 1708452546 9,600000 -1,000000 -101,000000 0,000000 0,000000
190 1708452547 9,600000 -1,000000 -101,000000 0,000000 0,000000
190 1708452548 9,600000 -1,000000 -101,000000 0,000000 0,000000
190 1708452549 9,600000 -1,000000 -101,000000 0,000000 0,000000
190 1708452550 3,400000 -1,000000 -101,000000 0,000000 0,000000
190 1708452551 3,400000 -1,000000 -101,000000 0,000000 0,000000
190 1708452552 3,400000 -1,000000 -101,000000 0,000000 0,000000
190 1708452553 3,400000 -1,000000 -101,000000 0,000000 0,000000
190 1708452554 3,400000 -1,000000 -101,000000 0,000000 0,000000
190 1708452555 0,400000 -1,000000 -101,000000 0,000000 0,000000
190 1708452556 0,400000 -1,000000 -101,000000 0,000000 0,000000
190 1708452557 0,400000 -1,000000 -101,000000 0,000000 0,000000
190 1708452558 0,400000 -1,000000 -101,000000 0,000000 0,000000
190 1708452559 0,400000 -1,000000 -101,000000 0,000000 0,000000
190 1708452565 3,200000 -1,000000 -101,000000 0,000000 0,000000
190 1708452566 3,200000 -1,000000 -101,000000 0,000000 0,000000
190 1708452567 3,200000 -1,000000 -101,000000 0,000000 0,000000
190 1708452568 3,200000 -1,000000 -101,000000 0,000000 0,000000
190 1708452569 3,200000 -1,000000 -101,000000 0,000000 0,000000
190 1708452570 9,000000 -1,000000 -101,000000 0,000000 0,000000
190 1708452571 9,000000 -1,000000 -101,000000 0,000000 0,000000
190 1708452572 9,000000 -1,000000 -101,000000 0,000000 0,000000
190 1708452573 9,000000 -1,000000 -101,000000 0,000000 0,000000
190 1708452574 9,000000 -1,000000 -101,000000 0,000000 0,000000
190 1708452575 3,000000 -1,000000 -101,000000 0,000000 0,000000
190 1708452576 3,000000 -1,000000 -101,000000 0,000000 0,000000
190 1708452577 3,000000 -1,000000 -101,000000 0,000000 0,000000
190 1708452578 3,000000 -1,000000 -101,000000 0,000000 0,000000
190 1708452579 3,000000 -1,000000 -101,000000 0,000000 0,000000
190 1708452580 3,200000 -1,000000 -101,000000 0,000000 0,000000
190 1708452581 3,200000 -1,000000 -101,000000 0,000000 0,000000
190 1708452582 3,200000 -1,000000 -101,000000 0,000000 0,000000
190 1708452583 3,200000 -1,000000 -101,000000 0,000000 0,000000
190 1708452584 3,200000 -1,000000 -101,000000 0,000000 0,000000
190 1708452585 6,800000 -1,000000 -101,000000 0,000000 0,000000
190 1708452586 6,800000 -1,000000 -101,000000 0,000000 0,000000
190 1708452587 6,800000 -1,000000 -101,000000 0,000000 0,000000
190 1708452588 6,800000 -1,000000 -101,000000 0,000000 0,000000
190 1708452589 6,800000 -1,000000 -101,000000 0,000000 0,000000
190 1708452590 0,400000 -1,000000 -101,000000 0,000000 0,000000
190 1708452591 0,400000 -1,000000 -101,000000 0,000000 0,000000
190 1708452592 0,400000 -1,000000 -101,000000 0,000000 0,000000
190 1708452593 0,400000 -1,000000 -101,000000 0,000000 0,000000
190 1708452594 0,400000 -1,000000 -101,000000 0,000000 0,000000
190 1708452595 1,600000 -1,000000 -101,000000 0,000000 0,000000
190 1708452596 1,600000 -1,000000 -101,000000 0,000000 0,000000
190 1708452597 1,600000 -1,000000 -101,000000 0,000000 0,000000
190 1708452598 1,600000 -1,000000 -101,000000 0,000000 0,000000
190 1708452599 1,600000 -1,000000 -101,000000 0,000000 0,000000
190 1708452600 5,000000 -1,000000 -101,000000 0,000000 0,000000
190 1708452601 5,000000 -1,000000 -101,000000 0,000000 0,000000
190 1708452602 5,000000 -1,000000 -101,000000 0,000000 0,000000
190 1708452603 5,000000 -1,000000 -101,000000 0,000000 0,000000
190 1708452604 5,000000 -1,000000 -101,000000 0,000000 0,000000
190 1708452605 4,800000 -1,000000 -101,000000 0,000000 0,000000
190 1708452606 4,800000 -1,000000 -101,000000 0,000000 0,000000
190 1708452607 4,800000 -1,000000 -101,000000 0,000000 0,000000
190 1708452608 4,800000 -1,000000 -101,000000 0,000000 0,000000
190 1708452609 4,800000 -1,000000 -101,000000 0,000000 0,000000
190 1708452610 3,400000 -1,000000 -101,000000 0,000000 0,000000
190 1708452611 3,400000 -1,000000 -101,000000 0,000000 0,000000
190 1708452612 3,400000 -1,000000 -101,000000 0,000000 0,000000
190 1708452613 3,400000 -1,000000 -101,000000 0,000000 0,000000
190 1708452614 3,400000 -1,000000 -101,000000 0,000000 0,000000
190 1708452615 4,200000 -1,000000 -101,000000 0,000000 0,000000
190 1708452616 4,200000 -1,000000 -101,000000 0,000000 0,000000
190 1708452617 4,200000 -1,000000 -101,000000 0,000000 0,000000
190 1708452618 4,200000 -1,000000 -101,000000 0,000000 0,000000
190 1708452619 4,200000 -1,000000 -101,000000 0,000000 0,000000
190 1708452620 6,400000 -1,000000 -101,000000 0,000000 0,000000
190 1708452621 6,400000 -1,000000 -101,000000 0,000000 0,000000
190 1708452622 6,400000 -1,000000 -101,000000 0,000000 0,000000
190 1708452623 6,400000 -1,000000 -101,000000 0,000000 0,000000
190 1708452624 6,400000 -1,000000 -101,000000 0,000000 0,000000
190 1708452625 1,600000 -1,000000 -101,000000 0,000000 0,000000
190 1708452626 1,600000 -1,000000 -101,000000 0,000000 0,000000
190 1708452627 1,600000 -1,000000 -101,000000 0,000000 0,000000
190 1708452628 1,600000 -1,000000 -101,000000 0,000000 0,000000
190 1708452629 1,600000 -1,000000 -101,000000 0,000000 0,000000
190 1708452630 3,400000 -1,000000 -101,000000 0,000000 0,000000
190 1708452631 3,400000 -1,000000 -101,000000 0,000000 0,000000
190 1708452632 3,400000 -1,000000 -101,000000 0,000000 0,000000
190 1708452633 3,400000 -1,000000 -101,000000 0,000000 0,000000
190 1708452634 3,400000 -1,000000 -101,000000 0,000000 0,000000
190 1708452635 5,400000 -1,000000 -101,000000 0,000000 0,000000
190 1708452636 5,400000 -1,000000 -101,000000 0,000000 0,000000
190 1708452637 5,400000 -1,000000 -101,000000 0,000000 0,000000
190 1708452638 5,400000 -1,000000 -101,000000 0,000000 0,000000
190 1708452639 5,400000 -1,000000 -101,000000 0,000000 0,000000
190 1708452640 1,600000 -1,000000 -101,000000 0,000000 0,000000
190 1708452641 1,600000 -1,000000 -101,000000 0,000000 0,000000
190 1708452642 1,600000 -1,000000 -101,000000 0,000000 0,000000
190 1708452643 1,600000 -1,000000 -101,000000 0,000000 0,000000
190 1708452644 1,600000 -1,000000 -101,000000 0,000000 0,000000
190 1708452645 7,200000 -1,000000 -101,000000 0,000000 0,000000
190 1708452646 7,200000 -1,000000 -101,000000 0,000000 0,000000
190 1708452647 7,200000 -1,000000 -101,000000 0,000000 0,000000
190 1708452648 7,200000 -1,000000 -101,000000 0,000000 0,000000
190 1708452649 7,200000 -1,000000 -101,000000 0,000000 0,000000
190 1708452650 6,400000 -1,000000 -101,000000 0,000000 0,000000
190 1708452651 6,400000 -1,000000 -101,000000 0,000000 0,000000
190 1708452652 6,400000 -1,000000 -101,000000 0,000000 0,000000
190 1708452653 6,400000 -1,000000 -101,000000 0,000000 0,000000
190 1708452654 6,400000 -1,000000 -101,000000 0,000000 0,000000
190 1708452665 1,600000 -1,000000 -101,000000 0,000000 0,000000
190 1708452666 1,600000 -1,000000 -101,000000 0,000000 0,000000
190 1708452667 1,600000 -1,000000 -101,000000 0,000000 0,000000
190 1708452668 1,600000 -1,000000 -101,000000 0,000000 0,000000
190 1708452669 1,600000 -1,000000 -101,000000 0,000000 0,000000
190 1708452670 5,000000 -1,000000 -101,000000 0,000000 0,000000
190 1708452671 5,000000 -1,000000 -101,000000 0,000000 0,000000
190 1708452672 5,000000 -1,000000 -101,000000 0,000000 0,000000
190 1708452673 5,000000 -1,000000 -101,000000 0,000000 0,000000
190 1708452674 5,000000 -1,000000 -101,000000 0,000000 0,000000
190 1708452675 5,200000 -1,000000 -101,000000 0,000000 0,000000
190 1708452676 5,200000 -1,000000 -101,000000 0,000000 0,000000
190 1708452677 5,200000 -1,000000 -101,000000 0,000000 0,000000
190 1708452678 5,200000 -1,000000 -101,000000 0,000000 0,000000
190 1708452679 5,200000 -1,000000 -101,000000 0,000000 0,000000
190 1708452680 3,400000 -1,000000 -101,000000 0,000000 0,000000
190 1708452681 3,400000 -1,000000 -101,000000 0,000000 0,000000
190 1708452682 3,400000 -1,000000 -101,000000 0,000000 0,000000
190 1708452683 3,400000 -1,000000 -101,000000 0,000000 0,000000
190 1708452684 3,400000 -1,000000 -101,000000 0,000000 0,000000
190 1708452685 7,000000 -1,000000 -101,000000 0,000000 0,000000
190 1708452686 7,000000 -1,000000 -101,000000 0,000000 0,000000
190 1708452687 7,000000 -1,000000 -101,000000 0,000000 0,000000
190 1708452749 4,800000 -1,000000 4,800000 4,800000 0,000000
190 1708452748 4,800000 -1,000000 4,800000 4,800000 0,000000
190 1708452747 4,800000 -1,000000 4,800000 4,800000 0,000000
190 1708452746 4,800000 -1,000000 4,800000 4,800000 0,000000
190 1708452745 4,800000 -1,000000 4,800000 4,800000 0,000000
190 1708452744 5,000000 -1,000000 5,000000 5,000000 0,000000
190 1708452743 5,000000 -1,000000 5,000000 5,000000 0,000000
190 1708452742 5,000000 -1,000000 5,000000 5,000000 0,000000
190 1708452741 5,000000 -1,000000 5,000000 5,000000 0,000000
190 1708452740 5,000000 -1,000000 5,000000 5,000000 0,000000
190 1708452739 2,000000 -1,000000 2,000000 2,000000 0,000000
190 1708452738 2,000000 -1,000000 2,000000 2,000000 0,000000
190 1708452737 2,000000 -1,000000 2,000000 2,000000 0,000000
190 1708452736 2,000000 -1,000000 2,000000 2,000000 0,000000
190 1708452735 2,000000 -1,000000 2,000000 2,000000 0,000000
190 1708452734 6,800000 -1,000000 6,800000 6,800000 0,000000
190 1708452733 6,800000 -1,000000 6,800000 6,800000 0,000000
190 1708452732 6,800000 -1,000000 6,800000 6,800000 0,000000
190 1708452731 6,800000 -1,000000 6,800000 6,800000 0,000000
190 1708452730 6,800000 -1,000000 6,800000 6,800000 0,000000
190 1708452729 5,800000 -1,000000 5,800000 5,800000 0,000000
190 1708452728 5,800000 -1,000000 5,800000 5,800000 0,000000
190 1708452727 5,800000 -1,000000 5,800000 5,800000 0,000000
190 1708452726 5,800000 -1,000000 5,800000 5,800000 0,000000
190 1708452725 5,800000 -1,000000 5,800000 5,800000 0,000000
190 1708452719 2,200000 -1,000000 2,200000 2,200000 0,000000
190 1708452718 2,200000 -1,000000 2,200000 2,200000 0,000000
190 1708452717 2,200000 -1,000000 2,200000 2,200000 0,000000
190 1708452716 2,200000 -1,000000 2,200000 2,200000 0,000000
190 1708452715 2,200000 -1,000000 2,200000 2,200000 0,000000
190 1708452714 0,400000 -1,000000 0,400000 0,400000 0,000000
190 1708452713 0,400000 -1,000000 0,400000 0,400000 0,000000
190 1708452712 0,400000 -1,000000 0,400000 0,400000 0,000000
190 1708452711 0,400000 -1,000000 0,400000 0,400000 0,000000
190 1708452710 0,400000 -1,000000 0,400000 0,400000 0,000000
190 1708452709 3,400000 -1,000000 3,400000 3,400000 0,000000
190 1708452708 3,400000 -1,000000 3,400000 3,400000 0,000000
190 1708452707 3,400000 -1,000000 3,400000 3,400000 0,000000
190 1708452706 3,400000 -1,000000 3,400000 3,400000 0,000000
190 1708452705 3,400000 -1,000000 3,400000 3,400000 0,000000
190 1708452704 1,600000 -1,000000 1,600000 1,600000 0,000000
190 1708452703 1,600000 -1,000000 1,600000 1,600000 0,000000
190 1708452702 1,600000 -1,000000 1,600000 1,600000 0,000000
190 1708452701 1,600000 -1,000000 1,600000 1,600000 0,000000
190 1708452700 1,600000 -1,000000 1,600000 1,600000 0,000000
190 1708452699 3,000000 -1,000000 3,000000 3,000000 0,000000
190 1708452698 3,000000 -1,000000 3,000000 3,000000 0,000000
190 1708452697 3,000000 -1,000000 3,000000 3,000000 0,000000
190 1708452696 3,000000 -1,000000 3,000000 3,000000 0,000000
190 1708452695 3,000000 -1,000000 3,000000 3,000000 0,000000
190 1708452694 10,600000 -1,000000 10,600000 10,600000 0,000000
190 1708452693 10,600000 -1,000000 10,600000 10,600000 0,000000
190 1708452692 10,600000 -1,000000 10,600000 10,600000 0,000000
190 1708452691 10,600000 -1,000000 10,600000 10,600000 0,000000
190 1708452690 10,600000 -1,000000 10,600000 10,600000 0,000000
190 1708452689 7,000000 -1,000000 7,000000 7,000000 0,000000
190 1708452688 7,000000 -1,000000 7,000000 7,000000 0,000000
190 1708452688 7,000000 -1,000000 -101,000000 0,000000 0,000000
190 1708452689 7,000000 -1,000000 -101,000000 0,000000 0,000000
190 1708452690 10,600000 -1,000000 -101,000000 0,000000 0,000000
190 1708452691 10,600000 -1,000000 -101,000000 0,000000 0,000000
190 1708452692 10,600000 -1,000000 -101,000000 0,000000 0,000000
190 1708452693 10,600000 -1,000000 -101,000000 0,000000 0,000000
190 1708452694 10,600000 -1,000000 -101,000000 0,000000 0,000000
190 1708452695 3,000000 -1,000000 -101,000000 0,000000 0,000000
190 1708452696 3,000000 -1,000000 -101,000000 0,000000 0,000000
190 1708452697 3,000000 -1,000000 -101,000000 0,000000 0,000000
190 1708452698 3,000000 -1,000000 -101,000000 0,000000 0,000000
190 1708452699 3,000000 -1,000000 -101,000000 0,000000 0,000000
190 1708452700 1,600000 -1,000000 -101,000000 0,000000 0,000000
190 1708452701 1,600000 -1,000000 -101,000000 0,000000 0,000000
190 1708452702 1,600000 -1,000000 -101,000000 0,000000 0,000000
190 1708452703 1,600000 -1,000000 -101,000000 0,000000 0,000000
190 1708452704 1,600000 -1,000000 -101,000000 0,000000 0,000000
190 1708452705 3,400000 -1,000000 -101,000000 0,000000 0,000000
190 1708452706 3,400000 -1,000000 -101,000000 0,000000 0,000000
190 1708452707 3,400000 -1,000000 -101,000000 0,000000 0,000000
190 1708452708 3,400000 -1,000000 -101,000000 0,000000 0,000000
190 1708452709 3,400000 -1,000000 -101,000000 0,000000 0,000000
190 1708452710 0,400000 -1,000000 -101,000000 0,000000 0,000000
190 1708452711 0,400000 -1,000000 -101,000000 0,000000 0,000000
190 1708452712 0,400000 -1,000000 -101,000000 0,000000 0,000000
190 1708452713 0,400000 -1,000000 -101,000000 0,000000 0,000000
190 1708452714 0,400000 -1,000000 -101,000000 0,000000 0,000000
190 1708452715 2,200000 -1,000000 -101,000000 0,000000 0,000000
190 1708452716 2,200000 -1,000000 -101,000000 0,000000 0,000000
190 1708452717 2,200000 -1,000000 -101,000000 0,000000 0,000000
190 1708452718 2,200000 -1,000000 -101,000000 0,000000 0,000000
190 1708452719 2,200000 -1,000000 -101,000000 0,000000 0,000000
190 1708452725 5,800000 -1,000000 -101,000000 0,000000 0,000000
190 1708452726 5,800000 -1,000000 -101,000000 0,000000 0,000000
190 1708452727 5,800000 -1,000000 -101,000000 0,000000 0,000000
190 1708452728 5,800000 -1,000000 -101,000000 0,000000 0,000000
190 1708452729 5,800000 -1,000000 -101,000000 0,000000 0,000000
190 1708452730 6,800000 -1,000000 -101,000000 0,000000 0,000000
190 1708452731 6,800000 -1,000000 -101,000000 0,000000 0,000000
190 1708452732 6,800000 -1,000000 -101,000000 0,000000 0,000000
190 1708452733 6,800000 -1,000000 -101,000000 0,000000 0,000000
190 1708452734 6,800000 -1,000000 -101,000000 0,000000 0,000000
190 1708452735 2,000000 -1,000000 -101,000000 0,000000 0,000000
190 1708452736 2,000000 -1,000000 -101,000000 0,000000 0,000000
190 1708452737 2,000000 -1,000000 -101,000000 0,000000 0,000000
190 1708452738 2,000000 -1,000000 -101,000000 0,000000 0,000000
190 1708452739 2,000000 -1,000000 -101,000000 0,000000 0,000000
190 1708452740 5,000000 -1,000000 -101,000000 0,000000 0,000000
190 1708452741 5,000000 -1,000000 -101,000000 0,000000 0,000000
190 1708452742 5,000000 -1,000000 -101,000000 0,000000 0,000000
190 1708452743 5,000000 -1,000000 -101,000000 0,000000 0,000000
190 1708452744 5,000000 -1,000000 -101,000000 0,000000 0,000000
190 1708452745 4,800000 -1,000000 -101,000000 0,000000 0,000000
190 1708452746 4,800000 -1,000000 -101,000000 0,000000 0,000000
190 1708452747 4,800000 -1,000000 -101,000000 0,000000 0,000000
190 1708452748 4,800000 -1,000000 -101,000000 0,000000 0,000000
190 1708452749 4,800000 -1,000000 -101,000000 0,000000 0,000000
190 1708452750 3,400000 -1,000000 -101,000000 0,000000 0,000000
190 1708452751 3,400000 -1,000000 -101,000000 0,000000 0,000000
190 1708452752 3,400000 -1,000000 -101,000000 0,000000 0,000000
190 1708452753 3,400000 -1,000000 -101,000000 0,000000 0,000000
190 1708452754 3,400000 -1,000000 -101,000000 0,000000 0,000000
190 1708452755 3,600000 -1,000000 -101,000000 0,000000 0,000000
190 1708452756 3,600000 -1,000000 -101,000000 0,000000 0,000000
190 1708452757 3,600000 -1,000000 -101,000000 0,000000 0,000000
190 1708452758 3,600000 -1,000000 -101,000000 0,000000 0,000000
190 1708452759 3,600000 -1,000000 -101,000000 0,000000 0,000000
190 1708452760 11,000000 -1,000000 -101,000000 0,000000 0,000000
190 1708452761 11,000000 -1,000000 -101,000000 0,000000 0,000000
190 1708452762 11,000000 -1,000000 -101,000000 0,000000 0,000000
190 1708452763 11,000000 -1,000000 -101,000000 0,000000 0,000000
190 1708452764 11,000000 -1,000000 -101,000000 0,000000 0,000000
190 1708452765 3,400000 -1,000000 -101,000000 0,000000 0,000000
190 1708452766 3,400000 -1,000000 -101,000000 0,000000 0,000000
190 1708452767 3,400000 -1,000000 -101,000000 0,000000 0,000000
190 1708452768 3,400000 -1,000000 -101,000000 0,000000 0,000000
190 1708452769 3,400000 -1,000000 -101,000000 0,000000 0,000000
190 1708452770 3,000000 -1,000000 -101,000000 0,000000 0,000000
190 1708452771 3,000000 -1,000000 -101,000000 0,000000 0,000000
190 1708452772 3,000000 -1,000000 -101,000000 0,000000 0,000000
190 1708452773 3,000000 -1,000000 -101,000000 0,000000 0,000000
190 1708452774 3,000000 -1,000000 -101,000000 0,000000 0,000000
190 1708452785 3,200000 -1,000000 -101,000000 0,000000 0,000000
190 1708452786 3,200000 -1,000000 -101,000000 0,000000 0,000000
190 1708452787 3,200000 -1,000000 -101,000000 0,000000 0,000000
190 1708452788 3,200000 -1,000000 -101,000000 0,000000 0,000000
190 1708452789 3,200000 -1,000000 -101,000000 0,000000 0,000000
190 1708452790 9,000000 -1,000000 -101,000000 0,000000 0,000000
190 1708452791 9,000000 -1,000000 -101,000000 0,000000 0,000000
190 1708452792 9,000000 -1,000000 -101,000000 0,000000 0,000000
190 1708452793 9,000000 -1,000000 -101,000000 0,000000 0,000000
190 1708452794 9,000000 -1,000000 -101,000000 0,000000 0,000000
190 1708452795 0,400000 -1,000000 -101,000000 0,000000 0,000000
190 1708452796 0,400000 -1,000000 -101,000000 0,000000 0,000000
190 1708452797 0,400000 -1,000000 -101,000000 0,000000 0,000000
190 1708452798 0,400000 -1,000000 -101,000000 0,000000 0,000000
190 1708452799 0,400000 -1,000000 -101,000000 0,000000 0,000000
190 1708452800 2,600000 -1,000000 -101,000000 0,000000 0,000000
190 1708452801 2,600000 -1,000000 -101,000000 0,000000 0,000000
190 1708452802 2,600000 -1,000000 -101,000000 0,000000 0,000000
190 1708452803 2,600000 -1,000000 -101,000000 0,000000 0,000000
190 1708452804 2,600000 -1,000000 -101,000000 0,000000 0,000000
190 1708452805 3,200000 -1,000000 -101,000000 0,000000 0,000000
190 1708452806 3,200000 -1,000000 -101,000000 0,000000 0,000000
190 1708452807 3,200000 -1,000000 -101,000000 0,000000 0,000000
190 1708452808 3,200000 -1,000000 -101,000000 0,000000 0,000000
190 1708452809 3,200000 -1,000000 -101,000000 0,000000 0,000000
190 1708452810 8,400000 -1,000000 -101,000000 0,000000 0,000000
190 1708452811 8,400000 -1,000000 -101,000000 0,000000 0,000000
190 1708452812 8,400000 -1,000000 -101,000000 0,000000 0,000000
190 1708452813 8,400000 -1,000000 -101,000000 0,000000 0,000000
190 1708452814 8,400000 -1,000000 -101,000000 0,000000 0,000000
190 1708452815 3,600000 -1,000000 -101,000000 0,000000 0,000000
190 1708452816 3,600000 -1,000000 -101,000000 0,000000 0,000000
190 1708452817 3,600000 -1,000000 -101,000000 0,000000 0,000000
190 1708452818 3,600000 -1,000000 -101,000000 0,000000 0,000000
190 1708452819 3,600000 -1,000000 -101,000000 0,000000 0,000000
190 1708452820 1,600000 -1,000000 -101,000000 0,000000 0,000000
190 1708452821 1,600000 -1,000000 -101,000000 0,000000 0,000000
190 1708452822 1,600000 -1,000000 -101,000000 0,000000 0,000000
190 1708452823 1,600000 -1,000000 -101,000000 0,000000 0,000000
190 1708452824 1,600000 -1,000000 -101,000000 0,000000 0,000000
190 1708452825 3,400000 -1,000000 -101,000000 0,000000 0,000000
190 1708452826 3,400000 -1,000000 -101,000000 0,000000 0,000000
190 1708452827 3,400000 -1,000000 -101,000000 0,000000 0,000000
190 1708452828 3,400000 -1,000000 -101,000000 0,000000 0,000000
190 1708452829 3,400000 -1,000000 -101,000000 0,000000 0,000000
190 1708452830 5,800000 -1,000000 -101,000000 0,000000 0,000000
190 1708452831 5,800000 -1,000000 -101,000000 0,000000 0,000000
190 1708452832 5,800000 -1,000000 -101,000000 0,000000 0,000000
190 1708452833 5,800000 -1,000000 -101,000000 0,000000 0,000000
190 1708452834 5,800000 -1,000000 -101,000000 0,000000 0,000000
190 1708452835 5,400000 -1,000000 -101,000000 0,000000 0,000000
190 1708452836 5,400000 -1,000000 -101,000000 0,000000 0,000000
190 1708452837 5,400000 -1,000000 -101,000000 0,000000 0,000000
190 1708452838 5,400000 -1,000000 -101,000000 0,000000 0,000000
190 1708452839 5,400000 -1,000000 -101,000000 0,000000 0,000000
190 1708452840 6,800000 -1,000000 -101,000000 0,000000 0,000000
190 1708452841 6,800000 -1,000000 -101,000000 0,000000 0,000000
190 1708452842 6,800000 -1,000000 -101,000000 0,000000 0,000000
190 1708452843 6,800000 -1,000000 -101,000000 0,000000 0,000000
190 1708452844 6,800000 -1,000000 -101,000000 0,000000 0,000000
190 1708452845 4,200000 -1,000000 -101,000000 0,000000 0,000000
190 1708452846 4,200000 -1,000000 -101,000000 0,000000 0,000000
190 1708452847 4,200000 -1,000000 -101,000000 0,000000 0,000000
190 1708452848 4,200000 -1,000000 -101,000000 0,000000 0,000000
190 1708452849 4,200000 -1,000000 -101,000000 0,000000 0,000000
190 1708452850 3,400000 -1,000000 -101,000000 0,000000 0,000000
190 1708452851 3,400000 -1,000000 -101,000000 0,000000 0,000000
190 1708452852 3,400000 -1,000000 -101,000000 0,000000 0,000000
190 1708452853 3,400000 -1,000000 -101,000000 0,000000 0,000000
190 1708452854 3,400000 -1,000000 -101,000000 0,000000 0,000000
190 1708452855 0,400000 -1,000000 -101,000000 0,000000 0,000000
190 1708452856 0,400000 -1,000000 -101,000000 0,000000 0,000000
190 1708452857 0,400000 -1,000000 -101,000000 0,000000 0,000000
190 1708452858 0,400000 -1,000000 -101,000000 0,000000 0,000000
190 1708452859 0,400000 -1,000000 -101,000000 0,000000 0,000000
190 1708452865 3,800000 -1,000000 -101,000000 0,000000 0,000000
190 1708452866 3,800000 -1,000000 -101,000000 0,000000 0,000000
190 1708452867 3,800000 -1,000000 -101,000000 0,000000 0,000000
190 1708452868 3,800000 -1,000000 -101,000000 0,000000 0,000000
190 1708452869 3,800000 -1,000000 -101,000000 0,000000 0,000000
190 1708452870 3,400000 -1,000000 -101,000000 0,000000 0,000000
190 1708452871 3,400000 -1,000000 -101,000000 0,000000 0,000000
190 1708452872 3,400000 -1,000000 -101,000000 0,000000 0,000000
190 1708452873 3,400000 -1,000000 -101,000000 0,000000 0,000000
190 1708452874 3,400000 -1,000000 -101,000000 0,000000 0,000000
190 1708452875 3,000000 -1,000000 -101,000000 0,000000 0,000000
190 1708452876 3,000000 -1,000000 -101,000000 0,000000 0,000000
190 1708452877 3,000000 -1,000000 -101,000000 0,000000 0,000000
190 1708452878 3,000000 -1,000000 -101,000000 0,000000 0,000000
190 1708452879 3,000000 -1,000000 -101,000000 0,000000 0,000000
190 1708452880 3,200000 -1,000000 -101,000000 0,000000 0,000000
190 1708452881 3,200000 -1,000000 -101,000000 0,000000 0,000000
190 1708452882 3,200000 -1,000000 -101,000000 0,000000 0,000000
190 1708452883 3,200000 -1,000000 -101,000000 0,000000 0,000000
190 1708452884 3,200000 -1,000000 -101,000000 0,000000 0,000000
190 1708452885 8,200000 -1,000000 -101,000000 0,000000 0,000000
190 1708452886 8,200000 -1,000000 -101,000000 0,000000 0,000000
190 1708452887 8,200000 -1,000000 -101,000000 0,000000 0,000000
190 1708452888 8,200000 -1,000000 -101,000000 0,000000 0,000000
190 1708452889 8,200000 -1,000000 -101,000000 0,000000 0,000000
190 1708452890 8,800000 -1,000000 -101,000000 0,000000 0,000000
190 1708452891 8,800000 -1,000000 -101,000000 0,000000 0,000000
190 1708452892 8,800000 -1,000000 -101,000000 0,000000 0,000000
190 1708452893 8,800000 -1,000000 -101,000000 0,000000 0,000000
190 1708452894 8,800000 -1,000000 -101,000000 0,000000 0,000000
190 1708452900 5,400000 -1,000000 -101,000000 0,000000 0,000000
190 1708452901 5,400000 -1,000000 -101,000000 0,000000 0,000000
190 1708452902 5,400000 -1,000000 -101,000000 0,000000 0,000000
190 1708452903 5,400000 -1,000000 -101,000000 0,000000 0,000000
190 1708452904 5,400000 -1,000000 -101,000000 0,000000 0,000000
190 1708452905 1,600000 -1,000000 -101,000000 0,000000 0,000000
190 1708452906 1,600000 -1,000000 -101,000000 0,000000 0,000000
190 1708452907 1,600000 -1,000000 -101,000000 0,000000 0,000000
190 1708452908 1,600000 -1,000000 -101,000000 0,000000 0,000000
190 1708452909 1,600000 -1,000000 -101,000000 0,000000 0,000000
190 1708452910 5,600000 -1,000000 -101,000000 0,000000 0,000000
190 1708452911 5,600000 -1,000000 -101,000000 0,000000 0,000000
190 1708452912 5,600000 -1,000000 -101,000000 0,000000 0,000000
190 1708452913 5,600000 -1,000000 -101,000000 0,000000 0,000000
190 1708452914 5,600000 -1,000000 -101,000000 0,000000 0,000000
190 1708452915 4,600000 -1,000000 -101,000000 0,000000 0,000000
190 1708452916 4,600000 -1,000000 -101,000000 0,000000 0,000000
190 1708452917 4,600000 -1,000000 -101,000000 0,000000 0,000000
190 1708452918 4,600000 -1,000000 -101,000000 0,000000 0,000000
190 1708452919 4,600000 -1,000000 -101,000000 0,000000 0,000000
190 1708452920 3,400000 -1,000000 -101,000000 0,000000 0,000000
190 1708452921 3,400000 -1,000000 -101,000000 0,000000 0,000000
190 1708452922 3,400000 -1,000000 -101,000000 0,000000 0,000000
190 1708452923 3,400000 -1,000000 -101,000000 0,000000 0,000000
190 1708452924 3,400000 -1,000000 -101,000000 0,000000 0,000000
190 1708452925 1,600000 -1,000000 -101,000000 0,000000 0,000000
190 1708452926 1,600000 -1,000000 -101,000000 0,000000 0,000000
190 1708452927 1,600000 -1,000000 -101,000000 0,000000 0,000000
190 1708452928 1,600000 -1,000000 -101,000000 0,000000 0,000000
190 1708452929 1,600000 -1,000000 -101,000000 0,000000 0,000000
190 1708452930 3,400000 -1,000000 -101,000000 0,000000 0,000000
190 1708452931 3,400000 -1,000000 -101,000000 0,000000 0,000000
190 1708452932 3,400000 -1,000000 -101,000000 0,000000 0,000000
190 1708452933 3,400000 -1,000000 -101,000000 0,000000 0,000000
190 1708452934 3,400000 -1,000000 -101,000000 0,000000 0,000000
190 1708452935 0,400000 -1,000000 -101,000000 0,000000 0,000000
190 1708452936 0,400000 -1,000000 -101,000000 0,000000 0,000000
190 1708452937 0,400000 -1,000000 -101,000000 0,000000 0,000000
190 1708452938 0,400000 -1,000000 -101,000000 0,000000 0,000000
190 1708452939 0,400000 -1,000000 -101,000000 0,000000 0,000000
190 1708452940 5,400000 -1,000000 -101,000000 0,000000 0,000000
190 1708452941 5,400000 -1,000000 -101,000000 0,000000 0,000000
190 1708452942 5,400000 -1,000000 -101,000000 0,000000 0,000000
190 1708452943 5,400000 -1,000000 -101,000000 0,000000 0,000000
190 1708452944 5,400000 -1,000000 -101,000000 0,000000 0,000000
190 1708452945 9,400000 -1,000000 -101,000000 0,000000 0,000000
190 1708452946 9,400000 -1,000000 -101,000000 0,000000 0,000000
190 1708452947 9,400000 -1,000000 -101,000000 0,000000 0,000000
190 1708452948 9,400000 -1,000000 -101,000000 0,000000 0,000000
190 1708452949 9,400000 -1,000000 -101,000000 0,000000 0,000000
190 1708452950 2,000000 -1,000000 -101,000000 0,000000 0,000000
190 1708452951 2,000000 -1,000000 -101,000000 0,000000 0,000000
190 1708452952 2,000000 -1,000000 -101,000000 0,000000 0,000000
190 1708452953 2,000000 -1,000000 -101,000000 0,000000 0,000000
190 1708452954 2,000000 -1,000000 -101,000000 0,000000 0,000000
190 1708452955 3,200000 -1,000000 -101,000000 0,000000 0,000000
190 1708452956 3,200000 -1,000000 -101,000000 0,000000 0,000000
190 1708452957 3,200000 -1,000000 -101,000000 0,000000 0,000000
190 1708452958 3,200000 -1,000000 -101,000000 0,000000 0,000000
190 1708452959 3,200000 -1,000000 -101,000000 0,000000 0,000000
190 1708452965 3,200000 -1,000000 -101,000000 0,000000 0,000000
190 1708452966 3,200000 -1,000000 -101,000000 0,000000 0,000000
190 1708452967 3,200000 -1,000000 -101,000000 0,000000 0,000000
190 1708452968 3,200000 -1,000000 -101,000000 0,000000 0,000000
190 1708452969 3,200000 -1,000000 -101,000000 0,000000 0,000000
190 1708452970 8,400000 -1,000000 -101,000000 0,000000 0,000000
190 1708452971 8,400000 -1,000000 -101,000000 0,000000 0,000000
190 1708452972 8,400000 -1,000000 -101,000000 0,000000 0,000000
190 1708452973 8,400000 -1,000000 -101,000000 0,000000 0,000000
190 1708452974 8,400000 -1,000000 -101,000000 0,000000 0,000000
190 1708452975 4,200000 -1,000000 -101,000000 0,000000 0,000000
190 1708452976 4,200000 -1,000000 -101,000000 0,000000 0,000000
190 1708452977 4,200000 -1,000000 -101,000000 0,000000 0,000000
190 1708452978 4,200000 -1,000000 -101,000000 0,000000 0,000000
190 1708452979 4,200000 -1,000000 -101,000000 0,000000 0,000000
190 1708452985 3,800000 -1,000000 -101,000000 0,000000 0,000000
190 1708452986 3,800000 -1,000000 -101,000000 0,000000 0,000000
190 1708452987 3,800000 -1,000000 -101,000000 0,000000 0,000000
190 1708452988 3,800000 -1,000000 -101,000000 0,000000 0,000000
190 1708452989 3,800000 -1,000000 -101,000000 0,000000 0,000000
190 1708452990 7,600000 -1,000000 -101,000000 0,000000 0,000000
190 1708452991 7,600000 -1,000000 -101,000000 0,000000 0,000000
190 1708452992 7,600000 -1,000000 -101,000000 0,000000 0,000000
190 1708452993 7,600000 -1,000000 -101,000000 0,000000 0,000000
190 1708452994 7,600000 -1,000000 -101,000000 0,000000 0,000000
190 1708452995 5,400000 -1,000000 -101,000000 0,000000 0,000000
190 1708452996 5,400000 -1,000000 -101,000000 0,000000 0,000000
190 1708452997 5,400000 -1,000000 -101,000000 0,000000 0,000000
190 1708452998 5,400000 -1,000000 -101,000000 0,000000 0,000000
190 1708452999 5,400000 -1,000000 -101,000000 0,000000 0,000000
190 1708453000 5,000000 -1,000000 -101,000000 0,000000 0,000000
190 1708453001 5,000000 -1,000000 -101,000000 0,000000 0,000000
190 1708453002 5,000000 -1,000000 -101,000000 0,000000 0,000000
190 1708453003 5,000000 -1,000000 -101,000000 0,000000 0,000000
190 1708453004 5,000000 -1,000000 -101,000000 0,000000 0,000000
190 1708453005 3,400000 -1,000000 -101,000000 0,000000 0,000000
190 1708453006 3,400000 -1,000000 -101,000000 0,000000 0,000000
190 1708453007 3,400000 -1,000000 -101,000000 0,000000 0,000000
190 1708453008 3,400000 -1,000000 -101,000000 0,000000 0,000000
190 1708453009 3,400000 -1,000000 -101,000000 0,000000 0,000000
190 1708453010 0,400000 -1,000000 -101,000000 0,000000 0,000000
190 1708453011 0,400000 -1,000000 -101,000000 0,000000 0,000000
190 1708453012 0,400000 -1,000000 -101,000000 0,000000 0,000000
190 1708453013 0,400000 -1,000000 -101,000000 0,000000 0,000000
190 1708453014 0,400000 -1,000000 -101,000000 0,000000 0,000000
190 1708453015 2,200000 -1,000000 -101,000000 0,000000 0,000000
190 1708453016 2,200000 -1,000000 -101,000000 0,000000 0,000000
190 1708453017 2,200000 -1,000000 -101,000000 0,000000 0,000000
190 1708453018 2,200000 -1,000000 -101,000000 0,000000 0,000000
190 1708453019 2,200000 -1,000000 -101,000000 0,000000 0,000000
190 1708453020 4,200000 -1,000000 -101,000000 0,000000 0,000000
190 1708453021 4,200000 -1,000000 -101,000000 0,000000 0,000000
190 1708453022 4,200000 -1,000000 -101,000000 0,000000 0,000000
190 1708453023 4,200000 -1,000000 -101,000000 0,000000 0,000000
190 1708453024 4,200000 -1,000000 -101,000000 0,000000 0,000000
190 1708453025 4,800000 -1,000000 -101,000000 0,000000 0,000000
190 1708453026 4,800000 -1,000000 -101,000000 0,000000 0,000000
190 1708453027 4,800000 -1,000000 -101,000000 0,000000 0,000000
190 1708453028 4,800000 -1,000000 -101,000000 0,000000 0,000000
190 1708453029 4,800000 -1,000000 -101,000000 0,000000 0,000000
190 1708453030 3,400000 -1,000000 -101,000000 0,000000 0,000000
190 1708453031 3,400000 -1,000000 -101,000000 0,000000 0,000000
190 1708453032 3,400000 -1,000000 -101,000000 0,000000 0,000000
190 1708453033 3,400000 -1,000000 -101,000000 0,000000 0,000000
190 1708453034 3,400000 -1,000000 -101,000000 0,000000 0,000000
190 1708453035 0,400000 -1,000000 -101,000000 0,000000 0,000000
190 1708453036 0,400000 -1,000000 -101,000000 0,000000 0,000000
190 1708453037 0,400000 -1,000000 -101,000000 0,000000 0,000000
190 1708453038 0,400000 -1,000000 -101,000000 0,000000 0,000000
190 1708453039 0,400000 -1,000000 -101,000000 0,000000 0,000000
190 1708453040 3,200000 -1,000000 -101,000000 0,000000 0,000000
190 1708453041 3,200000 -1,000000 -101,000000 0,000000 0,000000
190 1708453042 3,200000 -1,000000 -101,000000 0,000000 0,000000
190 1708453043 3,200000 -1,000000 -101,000000 0,000000 0,000000
190 1708453044 3,200000 -1,000000 -101,000000 0,000000 0,000000
190 1708453045 10,400000 -1,000000 -101,000000 0,000000 0,000000
190 1708453046 10,400000 -1,000000 -101,000000 0,000000 0,000000
190 1708453047 10,400000 -1,000000 -101,000000 0,000000 0,000000
190 1708453048 10,400000 -1,000000 -101,000000 0,000000 0,000000
190 1708453049 10,400000 -1,000000 -101,000000 0,000000 0,000000
190 1708453050 6,800000 -1,000000 -101,000000 0,000000 0,000000
190 1708453051 6,800000 -1,000000 -101,000000 0,000000 0,000000
190 1708453052 6,800000 -1,000000 -101,000000 0,000000 0,000000
190 1708453053 6,800000 -1,000000 -101,000000 0,000000 0,000000
190 1708453054 6,800000 -1,000000 -101,000000 0,000000 0,000000
190 1708453055 2,600000 -1,000000 -101,000000 0,000000 0,000000
190 1708453056 2,600000 -1,000000 -101,000000 0,000000 0,000000
190 1708453057 2,600000 -1,000000 -101,000000 0,000000 0,000000
190 1708453058 2,600000 -1,000000 -101,000000 0,000000 0,000000
190 1708453059 2,600000 -1,000000 -101,000000 0,000000 0,000000
190 1708453060 1,600000 -1,000000 -101,000000 0,000000 0,000000
190 1708453061 1,600000 -1,000000 -101,000000 0,000000 0,000000
190 1708453062 1,600000 -1,000000 -101,000000 0,000000 0,000000
190 1708453063 1,600000 -1,000000 -101,000000 0,000000 0,000000
190 1708453064 1,600000 -1,000000 -101,000000 0,000000 0,000000
190 1708453065 6,000000 -1,000000 -101,000000 0,000000 0,000000
190 1708453066 6,000000 -1,000000 -101,000000 0,000000 0,000000
190 1708453067 6,000000 -1,000000 -101,000000 0,000000 0,000000
190 1708453068 6,000000 -1,000000 -101,000000 0,000000 0,000000
190 1708453069 6,000000 -1,000000 -101,000000 0,000000 0,000000
190 1708453070 0,400000 -1,000000 -101,000000 0,000000 0,000000
190 1708453071 0,400000 -1,000000 -101,000000 0,000000 0,000000
190 1708453072 0,400000 -1,000000 -101,000000 0,000000 0,000000
190 1708453073 0,400000 -1,000000 -101,000000 0,000000 0,000000
190 1708453074 0,400000 -1,000000 -101,000000 0,000000 0,000000
190 1708453075 1,600000 -1,000000 -101,000000 0,000000 0,000000
190 1708453076 1,600000 -1,000000 -101,000000 0,000000 0,000000
190 1708453077 1,600000 -1,000000 -101,000000 0,000000 0,000000
190 1708453078 1,600000 -1,000000 -101,000000 0,000000 0,000000
190 1708453079 1,600000 -1,000000 -101,000000 0,000000 0,000000
190 1708453080 3,400000 -1,000000 -101,000000 0,000000 0,000000
190 1708453081 3,400000 -1,000000 -101,000000 0,000000 0,000000
190 1708453082 3,400000 -1,000000 -101,000000 0,000000 0,000000
190 1708453083 3,400000 -1,000000 -101,000000 0,000000 0,000000
190 1708453084 3,400000 -1,000000 -101,000000 0,000000 0,000000
190 1708453085 3,800000 -1,000000 -101,000000 0,000000 0,000000
190 1708453086 3,800000 -1,000000 -101,000000 0,000000 0,000000
190 1708453087 3,800000 -1,000000 -101,000000 0,000000 0,000000
190 1708453088 3,800000 -1,000000 -101,000000 0,000000 0,000000
190 1708453089 3,800000 -1,000000 -101,000000 0,000000 0,000000
190 1708453090 6,600000 -1,000000 -101,000000 0,000000 0,000000
190 1708453091 6,600000 -1,000000 -101,000000 0,000000 0,000000
190 1708453092 6,600000 -1,000000 -101,000000 0,000000 0,000000
190 1708453093 6,600000 -1,000000 -101,000000 0,000000 0,000000
190 1708453094 6,600000 -1,000000 -101,000000 0,000000 0,000000
190 1708453095 9,600000 -1,000000 -101,000000 0,000000 0,000000
190 1708453096 9,600000 -1,000000 -101,000000 0,000000 0,000000
190 1708453097 9,600000 -1,000000 -101,000000 0,000000 0,000000
190 1708453098 9,600000 -1,000000 -101,000000 0,000000 0,000000
190 1708453099 9,600000 -1,000000 -101,000000 0,000000 0,000000
190 1708453105 1,600000 -1,000000 -101,000000 0,000000 0,000000
190 1708453106 1,600000 -1,000000 -101,000000 0,000000 0,000000
190 1708453107 1,600000 -1,000000 -101,000000 0,000000 0,000000
190 1708453108 1,600000 -1,000000 -101,000000 0,000000 0,000000
190 1708453109 1,600000 -1,000000 -101,000000 0,000000 0,000000
190 1708453110 5,000000 -1,000000 -101,000000 0,000000 0,000000
190 1708453111 5,000000 -1,000000 -101,000000 0,000000 0,000000
190 1708453112 5,000000 -1,000000 -101,000000 0,000000 0,000000
190 1708453113 5,000000 -1,000000 -101,000000 0,000000 0,000000
190 1708453114 5,000000 -1,000000 -101,000000 0,000000 0,000000
190 1708453115 4,200000 -1,000000 -101,000000 0,000000 0,000000
190 1708453116 4,200000 -1,000000 -101,000000 0,000000 0,000000
190 1708453117 4,200000 -1,000000 -101,000000 0,000000 0,000000
190 1708453118 4,200000 -1,000000 -101,000000 0,000000 0,000000
190 1708453119 4,200000 -1,000000 -101,000000 0,000000 0,000000
190 1708453120 1,600000 -1,000000 -101,000000 0,000000 0,000000
190 1708453121 1,600000 -1,000000 -101,000000 0,000000 0,000000
190 1708453122 1,600000 -1,000000 -101,000000 0,000000 0,000000
190 1708453123 1,600000 -1,000000 -101,000000 0,000000 0,000000
190 1708453124 1,600000 -1,000000 -101,000000 0,000000 0,000000
190 1708453125 5,000000 -1,000000 -101,000000 0,000000 0,000000
190 1708453126 5,000000 -1,000000 -101,000000 0,000000 0,000000
190 1708453127 5,000000 -1,000000 -101,000000 0,000000 0,000000
190 1708453128 5,000000 -1,000000 -101,000000 0,000000 0,000000
190 1708453129 5,000000 -1,000000 -101,000000 0,000000 0,000000
190 1708453130 6,000000 -1,000000 -101,000000 0,000000 0,000000
190 1708453131 6,000000 -1,000000 -101,000000 0,000000 0,000000
190 1708453132 6,000000 -1,000000 -101,000000 0,000000 0,000000
190 1708453133 6,000000 -1,000000 -101,000000 0,000000 0,000000
190 1708453134 6,000000 -1,000000 -101,000000 0,000000 0,000000
190 1708453140 2,600000 -1,000000 -101,000000 0,000000 0,000000
190 1708453141 2,600000 -1,000000 -101,000000 0,000000 0,000000
190 1708453142 2,600000 -1,000000 -101,000000 0,000000 0,000000
190 1708453143 2,600000 -1,000000 -101,000000 0,000000 0,000000
190 1708453144 2,600000 -1,000000 -101,000000 0,000000 0,000000
190 1708453145 6,600000 -1,000000 -101,000000 0,000000 0,000000
190 1708453146 6,600000 -1,000000 -101,000000 0,000000 0,000000
190 1708453147 6,600000 -1,000000 -101,000000 0,000000 0,000000
190 1708453148 6,600000 -1,000000 -101,000000 0,000000 0,000000
190 1708453149 6,600000 -1,000000 -101,000000 0,000000 0,000000
190 1708453150 3,400000 -1,000000 -101,000000 0,000000 0,000000
190 1708453151 3,400000 -1,000000 -101,000000 0,000000 0,000000
190 1708453152 3,400000 -1,000000 -101,000000 0,000000 0,000000
190 1708453153 3,400000 -1,000000 -101,000000 0,000000 0,000000
190 1708453154 3,400000 -1,000000 -101,000000 0,000000 0,000000
190 1708453155 2,000000 -1,000000 -101,000000 0,000000 0,000000
190 1708453156 2,000000 -1,000000 -101,000000 0,000000 0,000000
190 1708453157 2,000000 -1,000000 -101,000000 0,000000 0,000000
190 1708453158 2,000000 -1,000000 -101,000000 0,000000 0,000000
190 1708453159 2,000000 -1,000000 -101,000000 0,000000 0,000000
190 1708453160 7,200000 -1,000000 -101,000000 0,000000 0,000000
190 1708453161 7,200000 -1,000000 -101,000000 0,000000 0,000000
190 1708453162 7,200000 -1,000000 -101,000000 0,000000 0,000000
190 1708453163 7,200000 -1,000000 -101,000000 0,000000 0,000000
190 1708453164 7,200000 -1,000000 -101,000000 0,000000 0,000000
190 1708453165 4,800000 -1,000000 -101,000000 0,000000 0,000000
190 1708453166 4,800000 -1,000000 -101,000000 0,000000 0,000000
190 1708453167 4,800000 -1,000000 -101,000000 0,000000 0,000000
190 1708453168 4,800000 -1,000000 -101,000000 0,000000 0,000000
190 1708453169 4,800000 -1,000000 -101,000000 0,000000 0,000000
190 1708453170 6,000000 -1,000000 -101,000000 0,000000 0,000000
190 1708453171 6,000000 -1,000000 -101,000000 0,000000 0,000000
190 1708453172 6,000000 -1,000000 -101,000000 0,000000 0,000000
190 1708453173 6,000000 -1,000000 -101,000000 0,000000 0,000000
190 1708453174 6,000000 -1,000000 -101,000000 0,000000 0,000000
190 1708453175 0,400000 -1,000000 -101,000000 0,000000 0,000000
190 1708453176 0,400000 -1,000000 -101,000000 0,000000 0,000000
190 1708453177 0,400000 -1,000000 -101,000000 0,000000 0,000000
190 1708453178 0,400000 -1,000000 -101,000000 0,000000 0,000000
190 1708453179 0,400000 -1,000000 -101,000000 0,000000 0,000000
190 1708453180 1,600000 -1,000000 -101,000000 0,000000 0,000000
190 1708453181 1,600000 -1,000000 -101,000000 0,000000 0,000000
190 1708453182 1,600000 -1,000000 -101,000000 0,000000 0,000000
190 1708453183 1,600000 -1,000000 -101,000000 0,000000 0,000000
190 1708453184 1,600000 -1,000000 -101,000000 0,000000 0,000000
190 1708453185 8,800000 -1,000000 -101,000000 0,000000 0,000000
190 1708453186 8,800000 -1,000000 -101,000000 0,000000 0,000000
190 1708453187 8,800000 -1,000000 -101,000000 0,000000 0,000000
190 1708453188 8,800000 -1,000000 -101,000000 0,000000 0,000000
190 1708453189 8,800000 -1,000000 -101,000000 0,000000 0,000000
190 1708453190 0,400000 -1,000000 -101,000000 0,000000 0,000000
190 1708453191 0,400000 -1,000000 -101,000000 0,000000 0,000000
190 1708453192 0,400000 -1,000000 -101,000000 0,000000 0,000000
190 1708453193 0,400000 -1,000000 -101,000000 0,000000 0,000000
190 1708453194 0,400000 -1,000000 -101,000000 0,000000 0,000000
190 1708453195 1,600000 -1,000000 -101,000000 0,000000 0,000000
190 1708453196 1,600000 -1,000000 -101,000000 0,000000 0,000000
190 1708453197 1,600000 -1,000000 -101,000000 0,000000 0,000000
190 1708453198 1,600000 -1,000000 -101,000000 0,000000 0,000000
190 1708453199 1,600000 -1,000000 -101,000000 0,000000 0,000000
190 1708453200 3,400000 -1,000000 -101,000000 0,000000 0,000000
190 1708453201 3,400000 -1,000000 -101,000000 0,000000 0,000000
190 1708453202 3,400000 -1,000000 -101,000000 0,000000 0,000000
190 1708453203 3,400000 -1,000000 -101,000000 0,000000 0,000000
190 1708453204 3,400000 -1,000000 -101,000000 0,000000 0,000000
190 1708453205 5,400000 -1,000000 -101,000000 0,000000 0,000000
190 1708453206 5,400000 -1,000000 -101,000000 0,000000 0,000000
190 1708453207 5,400000 -1,000000 -101,000000 0,000000 0,000000
190 1708453208 5,400000 -1,000000 -101,000000 0,000000 0,000000
190 1708453209 5,400000 -1,000000 -101,000000 0,000000 0,000000
190 1708453210 6,800000 -1,000000 -101,000000 0,000000 0,000000
190 1708453211 6,800000 -1,000000 -101,000000 0,000000 0,000000
190 1708453212 6,800000 -1,000000 -101,000000 0,000000 0,000000
190 1708453213 6,800000 -1,000000 -101,000000 0,000000 0,000000
190 1708453214 6,800000 -1,000000 -101,000000 0,000000 0,000000
190 1708453215 3,000000 -1,000000 -101,000000 0,000000 0,000000
190 1708453216 3,000000 -1,000000 -101,000000 0,000000 0,000000
190 1708453217 3,000000 -1,000000 -101,000000 0,000000 0,000000
190 1708453218 3,000000 -1,000000 -101,000000 0,000000 0,000000
190 1708453219 3,000000 -1,000000 -101,000000 0,000000 0,000000
190 1708453225 1,600000 -1,000000 -101,000000 0,000000 0,000000
190 1708453226 1,600000 -1,000000 -101,000000 0,000000 0,000000
190 1708453227 1,600000 -1,000000 -101,000000 0,000000 0,000000
190 1708453228 1,600000 -1,000000 -101,000000 0,000000 0,000000
190 1708453229 1,600000 -1,000000 -101,000000 0,000000 0,000000
190 1708453230 5,000000 -1,000000 -101,000000 0,000000 0,000000
190 1708453231 5,000000 -1,000000 -101,000000 0,000000 0,000000
190 1708453232 5,000000 -1,000000 -101,000000 0,000000 0,000000
190 1708453233 5,000000 -1,000000 -101,000000 0,000000 0,000000
190 1708453234 5,000000 -1,000000 -101,000000 0,000000 0,000000
190 1708453235 7,400000 -1,000000 -101,000000 0,000000 0,000000
190 1708453236 7,400000 -1,000000 -101,000000 0,000000 0,000000
190 1708453237 7,400000 -1,000000 -101,000000 0,000000 0,000000
190 1708453238 7,400000 -1,000000 -101,000000 0,000000 0,000000
190 1708453239 7,400000 -1,000000 -101,000000 0,000000 0,000000
190 1708453240 5,000000 -1,000000 -101,000000 0,000000 0,000000
190 1708453241 5,000000 -1,000000 -101,000000 0,000000 0,000000
190 1708453242 5,000000 -1,000000 -101,000000 0,000000 0,000000
190 1708453243 5,000000 -1,000000 -101,000000 0,000000 0,000000
190 1708453244 5,000000 -1,000000 -101,000000 0,000000 0,000000
190 1708453245 7,600000 -1,000000 -101,000000 0,000000 0,000000
190 1708453246 7,600000 -1,000000 -101,000000 0,000000 0,000000
190 1708453247 7,600000 -1,000000 -101,000000 0,000000 0,000000
190 1708453248 7,600000 -1,000000 -101,000000 0,000000 0,000000
190 1708453249 7,600000 -1,000000 -101,000000 0,000000 0,000000
190 1708453250 3,800000 -1,000000 -101,000000 0,000000 0,000000
190 1708453251 3,800000 -1,000000 -101,000000 0,000000 0,000000
190 1708453252 3,800000 -1,000000 -101,000000 0,000000 0,000000
190 1708453253 3,800000 -1,000000 -101,000000 0,000000 0,000000
190 1708453254 3,800000 -1,000000 -101,000000 0,000000 0,000000
190 1708453255 5,400000 -1,000000 -101,000000 0,000000 0,000000
190 1708453256 5,400000 -1,000000 -101,000000 0,000000 0,000000
190 1708453257 5,400000 -1,000000 -101,000000 0,000000 0,000000
190 1708453258 5,400000 -1,000000 -101,000000 0,000000 0,000000
190 1708453259 5,400000 -1,000000 -101,000000 0,000000 0,000000
190 1708453265 1,600000 -1,000000 -101,000000 0,000000 0,000000
190 1708453266 1,600000 -1,000000 -101,000000 0,000000 0,000000
190 1708453267 1,600000 -1,000000 -101,000000 0,000000 0,000000
190 1708453268 1,600000 -1,000000 -101,000000 0,000000 0,000000
190 1708453269 1,600000 -1,000000 -101,000000 0,000000 0,000000
190 1708453270 3,400000 -1,000000 -101,000000 0,000000 0,000000
190 1708453271 3,400000 -1,000000 -101,000000 0,000000 0,000000
190 1708453272 3,400000 -1,000000 -101,000000 0,000000 0,000000
190 1708453273 3,400000 -1,000000 -101,000000 0,000000 0,000000
190 1708453274 3,400000 -1,000000 -101,000000 0,000000 0,000000
190 1708453275 0,400000 -1,000000 -101,000000 0,000000 0,000000
190 1708453276 0,400000 -1,000000 -101,000000 0,000000 0,000000
190 1708453277 0,400000 -1,000000 -101,000000 0,000000 0,000000
190 1708453278 0,400000 -1,000000 -101,000000 0,000000 0,000000
190 1708453279 0,400000 -1,000000 -101,000000 0,000000 0,000000
190 1708453280 2,200000 -1,000000 -101,000000 0,000000 0,000000
190 1708453281 2,200000 -1,000000 -101,000000 0,000000 0,000000
190 1708453282 2,200000 -1,000000 -101,000000 0,000000 0,000000
190 1708453283 2,200000 -1,000000 -101,000000 0,000000 0,000000
190 1708453284 2,200000 -1,000000 -101,000000 0,000000 0,000000
190 1708453285 5,800000 -1,000000 -101,000000 0,000000 0,000000
190 1708453286 5,800000 -1,000000 -101,000000 0,000000 0,000000
190 1708453287 5,800000 -1,000000 -101,000000 0,000000 0,000000
190 1708453288 5,800000 -1,000000 -101,000000 0,000000 0,000000
190 1708453289 5,800000 -1,000000 -101,000000 0,000000 0,000000
190 1708453290 6,800000 -1,000000 -101,000000 0,000000 0,000000
190 1708453291 6,800000 -1,000000 -101,000000 0,000000 0,000000
190 1708453292 6,800000 -1,000000 -101,000000 0,000000 0,000000
190 1708453293 6,800000 -1,000000 -101,000000 0,000000 0,000000
190 1708453294 6,800000 -1,000000 -101,000000 0,000000 0,000000
190 1708453295 2,000000 -1,000000 -101,000000 0,000000 0,000000
190 1708453296 2,000000 -1,000000 -101,000000 0,000000 0,000000
190 1708453297 2,000000 -1,000000 -101,000000 0,000000 0,000000
190 1708453298 2,000000 -1,000000 -101,000000 0,000000 0,000000
190 1708453299 2,000000 -1,000000 -101,000000 0,000000 0,000000
190 1708453300 6,600000 -1,000000 -101,000000 0,000000 0,000000
190 1708453301 6,600000 -1,000000 -101,000000 0,000000 0,000000
190 1708453302 6,600000 -1,000000 -101,000000 0,000000 0,000000
190 1708453303 6,600000 -1,000000 -101,000000 0,000000 0,000000
190 1708453304 6,600000 -1,000000 -101,000000 0,000000 0,000000
190 1708453305 6,600000 -1,000000 -101,000000 0,000000 0,000000
190 1708453306 6,600000 -1,000000 -101,000000 0,000000 0,000000
190 1708453307 6,600000 -1,000000 -101,000000 0,000000 0,000000
190 1708453308 6,600000 -1,000000 -101,000000 0,000000 0,000000
190 1708453309 6,600000 -1,000000 -101,000000 0,000000 0,000000
190 1708453310 2,600000 -1,000000 -101,000000 0,000000 0,000000
190 1708453311 2,600000 -1,000000 -101,000000 0,000000 0,000000
190 1708453312 2,600000 -1,000000 -101,000000 0,000000 0,000000
190 1708453313 2,600000 -1,000000 -101,000000 0,000000 0,000000
190 1708453314 2,600000 -1,000000 -101,000000 0,000000 0,000000
190 1708453315 4,200000 -1,000000 -101,000000 0,000000 0,000000
190 1708453316 4,200000 -1,000000 -101,000000 0,000000 0,000000
190 1708453317 4,200000 -1,000000 -101,000000 0,000000 0,000000
190 1708453318 4,200000 -1,000000 -101,000000 0,000000 0,000000
190 1708453319 4,200000 -1,000000 -101,000000 0,000000 0,000000
190 1708453320 3,400000 -1,000000 -101,000000 0,000000 0,000000
190 1708453321 3,400000 -1,000000 -101,000000 0,000000 0,000000
190 1708453322 3,400000 -1,000000 -101,000000 0,000000 0,000000
190 1708453323 3,400000 -1,000000 -101,000000 0,000000 0,000000
190 1708453324 3,400000 -1,000000 -101,000000 0,000000 0,000000
190 1708453325 3,200000 -1,000000 -101,000000 0,000000 0,000000
190 1708453326 3,200000 -1,000000 -101,000000 0,000000 0,000000
190 1708453327 3,200000 -1,000000 -101,000000 0,000000 0,000000
190 1708453328 3,200000 -1,000000 -101,000000 0,000000 0,000000
190 1708453329 3,200000 -1,000000 -101,000000 0,000000 0,000000
190 1708453330 7,200000 -1,000000 -101,000000 0,000000 0,000000
190 1708453331 7,200000 -1,000000 -101,000000 0,000000 0,000000
190 1708453332 7,200000 -1,000000 -101,000000 0,000000 0,000000
190 1708453333 7,200000 -1,000000 -101,000000 0,000000 0,000000
190 1708453334 7,200000 -1,000000 -101,000000 0,000000 0,000000
190 1708453335 0,400000 -1,000000 -101,000000 0,000000 0,000000
190 1708453336 0,400000 -1,000000 -101,000000 0,000000 0,000000
190 1708453337 0,400000 -1,000000 -101,000000 0,000000 0,000000
190 1708453338 0,400000 -1,000000 -101,000000 0,000000 0,000000
190 1708453339 0,400000 -1,000000 -101,000000 0,000000 0,000000
190 1708453345 3,200000 -1,000000 -101,000000 0,000000 0,000000
190 1708453346 3,200000 -1,000000 -101,000000 0,000000 0,000000
190 1708453347 3,200000 -1,000000 -101,000000 0,000000 0,000000
190 1708453348 3,200000 -1,000000 -101,000000 0,000000 0,000000
190 1708453349 3,200000 -1,000000 -101,000000 0,000000 0,000000
190 1708453350 6,800000 -1,000000 -101,000000 0,000000 0,000000
190 1708453351 6,800000 -1,000000 -101,000000 0,000000 0,000000
190 1708453352 6,800000 -1,000000 -101,000000 0,000000 0,000000
190 1708453353 6,800000 -1,000000 -101,000000 0,000000 0,000000
190 1708453354 6,800000 -1,000000 -101,000000 0,000000 0,000000
190 1708453355 2,600000 -1,000000 -101,000000 0,000000 0,000000
190 1708453356 2,600000 -1,000000 -101,000000 0,000000 0,000000
190 1708453357 2,600000 -1,000000 -101,000000 0,000000 0,000000
190 1708453358 2,600000 -1,000000 -101,000000 0,000000 0,000000
190 1708453359 2,600000 -1,000000 -101,000000 0,000000 0,000000
190 1708453360 4,200000 -1,000000 -101,000000 0,000000 0,000000
190 1708453361 4,200000 -1,000000 -101,000000 0,000000 0,000000
190 1708453362 4,200000 -1,000000 -101,000000 0,000000 0,000000
190 1708453363 4,200000 -1,000000 -101,000000 0,000000 0,000000
190 1708453364 4,200000 -1,000000 -101,000000 0,000000 0,000000
190 1708453365 5,000000 -1,000000 -101,000000 0,000000 0,000000
190 1708453366 5,000000 -1,000000 -101,000000 0,000000 0,000000
190 1708453367 5,000000 -1,000000 -101,000000 0,000000 0,000000
190 1708453368 5,000000 -1,000000 -101,000000 0,000000 0,000000
190 1708453369 5,000000 -1,000000 -101,000000 0,000000 0,000000
190 1708453370 5,400000 -1,000000 -101,000000 0,000000 0,000000
190 1708453371 5,400000 -1,000000 -101,000000 0,000000 0,000000
190 1708453372 5,400000 -1,000000 -101,000000 0,000000 0,000000
190 1708453373 5,400000 -1,000000 -101,000000 0,000000 0,000000
190 1708453374 5,400000 -1,000000 -101,000000 0,000000 0,000000
190 1708453375 3,200000 -1,000000 -101,000000 0,000000 0,000000
190 1708453376 3,200000 -1,000000 -101,000000 0,000000 0,000000
190 1708453377 3,200000 -1,000000 -101,000000 0,000000 0,000000
190 1708453378 3,200000 -1,000000 -101,000000 0,000000 0,000000
190 1708453379 3,200000 -1,000000 -101,000000 0,000000 0,000000
190 1708453385 3,800000 -1,000000 -101,000000 0,000000 0,000000
190 1708453386 3,800000 -1,000000 -101,000000 0,000000 0,000000
190 1708453387 3,800000 -1,000000 -101,000000 0,000000 0,000000
190 1708453388 3,800000 -1,000000 -101,000000 0,000000 0,000000
190 1708453389 3,800000 -1,000000 -101,000000 0,000000 0,000000
190 1708453390 6,000000 -1,000000 -101,000000 0,000000 0,000000
190 1708453391 6,000000 -1,000000 -101,000000 0,000000 0,000000
190 1708453392 6,000000 -1,000000 -101,000000 0,000000 0,000000
190 1708453393 6,000000 -1,000000 -101,000000 0,000000 0,000000
190 1708453394 6,000000 -1,000000 -101,000000 0,000000 0,000000
190 1708453395 3,600000 -1,000000 -101,000000 0,000000 0,000000
190 1708453396 3,600000 -1,000000 -101,000000 0,000000 0,000000
190 1708453397 3,600000 -1,000000 -101,000000 0,000000 0,000000
190 1708453398 3,600000 -1,000000 -101,000000 0,000000 0,000000
190 1708453399 3,600000 -1,000000 -101,000000 0,000000 0,000000
190 1708453400 12,200000 -1,000000 -101,000000 0,000000 0,000000
190 1708453401 12,200000 -1,000000 -101,000000 0,000000 0,000000
190 1708453402 12,200000 -1,000000 -101,000000 0,000000 0,000000
190 1708453403 12,200000 -1,000000 -101,000000 0,000000 0,000000
190 1708453404 12,200000 -1,000000 -101,000000 0,000000 0,000000
190 1708453405 1,600000 -1,000000 -101,000000 0,000000 0,000000
190 1708453406 1,600000 -1,000000 -101,000000 0,000000 0,000000
190 1708453407 1,600000 -1,000000 -101,000000 0,000000 0,000000
190 1708453408 1,600000 -1,000000 -101,000000 0,000000 0,000000
190 1708453409 1,600000 -1,000000 -101,000000 0,000000 0,000000
190 1708453410 3,400000 -1,000000 -101,000000 0,000000 0,000000
190 1708453411 3,400000 -1,000000 -101,000000 0,000000 0,000000
190 1708453412 3,400000 -1,000000 -101,000000 0,000000 0,000000
190 1708453413 3,400000 -1,000000 -101,000000 0,000000 0,000000
190 1708453414 3,400000 -1,000000 -101,000000 0,000000 0,000000
190 1708453415 0,400000 -1,000000 -101,000000 0,000000 0,000000
190 1708453416 0,400000 -1,000000 -101,000000 0,000000 0,000000
190 1708453417 0,400000 -1,000000 -101,000000 0,000000 0,000000
190 1708453418 0,400000 -1,000000 -101,000000 0,000000 0,000000
190 1708453419 0,400000 -1,000000 -101,000000 0,000000 0,000000
190 1708453420 1,600000 -1,000000 -101,000000 0,000000 0,000000
190 1708453421 1,600000 -1,000000 -101,000000 0,000000 0,000000
190 1708453422 1,600000 -1,000000 -101,000000 0,000000 0,000000
190 1708453423 1,600000 -1,000000 -101,000000 0,000000 0,000000
190 1708453424 1,600000 -1,000000 -101,000000 0,000000 0,000000
190 1708453425 5,600000 -1,000000 -101,000000 0,000000 0,000000
190 1708453426 5,600000 -1,000000 -101,000000 0,000000 0,000000
190 1708453427 5,600000 -1,000000 -101,000000 0,000000 0,000000
190 1708453428 5,600000 -1,000000 -101,000000 0,000000 0,000000
190 1708453429 5,600000 -1,000000 -101,000000 0,000000 0,000000
190 1708453430 0,400000 -1,000000 -101,000000 0,000000 0,000000
190 1708453431 0,400000 -1,000000 -101,000000 0,000000 0,000000
190 1708453432 0,400000 -1,000000 -101,000000 0,000000 0,000000
190 1708453433 0,400000 -1,000000 -101,000000 0,000000 0,000000
190 1708453434 0,400000 -1,000000 -101,000000 0,000000 0,000000
190 1708453435 2,600000 -1,000000 -101,000000 0,000000 0,000000
190 1708453436 2,600000 -1,000000 -101,000000 0,000000 0,000000
190 1708453437 2,600000 -1,000000 -101,000000 0,000000 0,000000
190 1708453438 2,600000 -1,000000 -101,000000 0,000000 0,000000
190 1708453439 2,600000 -1,000000 -101,000000 0,000000 0,000000
190 1708453440 1,600000 -1,000000 -101,000000 0,000000 0,000000
190 1708453441 1,600000 -1,000000 -101,000000 0,000000 0,000000
190 1708453442 1,600000 -1,000000 -101,000000 0,000000 0,000000
190 1708453443 1,600000 -1,000000 -101,000000 0,000000 0,000000
190 1708453444 1,600000 -1,000000 -101,000000 0,000000 0,000000
190 1708453445 6,400000 -1,000000 -101,000000 0,000000 0,000000
190 1708453446 6,400000 -1,000000 -101,000000 0,000000 0,000000
190 1708453447 6,400000 -1,000000 -101,000000 0,000000 0,000000
190 1708453448 6,400000 -1,000000 -101,000000 0,000000 0,000000
190 1708453449 6,400000 -1,000000 -101,000000 0,000000 0,000000
190 1708453450 8,400000 -1,000000 -101,000000 0,000000 0,000000
190 1708453451 8,400000 -1,000000 -101,000000 0,000000 0,000000
190 1708453452 8,400000 -1,000000 -101,000000 0,000000 0,000000
190 1708453453 8,400000 -1,000000 -101,000000 0,000000 0,000000
190 1708453454 8,400000 -1,000000 -101,000000 0,000000 0,000000
190 1708453455 6,000000 -1,000000 -101,000000 0,000000 0,000000
190 1708453456 6,000000 -1,000000 -101,000000 0,000000 0,000000
190 1708453457 6,000000 -1,000000 -101,000000 0,000000 0,000000
190 1708453458 6,000000 -1,000000 -101,000000 0,000000 0,000000
190 1708453459 6,000000 -1,000000 -101,000000 0,000000 0,000000
190 1708453465 5,800000 -1,000000 -101,000000 0,000000 0,000000
190 1708453466 5,800000 -1,000000 -101,000000 0,000000 0,000000
190 1708453467 5,800000 -1,000000 -101,000000 0,000000 0,000000
190 1708453468 5,800000 -1,000000 -101,000000 0,000000 0,000000
190 1708453469 5,800000 -1,000000 -101,000000 0,000000 0,000000
190 1708453470 7,200000 -1,000000 -101,000000 0,000000 0,000000
