196 1708452156 0,000000 0,000000 -101,000000 0,000000 0,000000
196 1708452157 0,000000 0,000000 -101,000000 0,000000 0,000000
196 1708452158 0,000000 0,000000 -101,000000 0,000000 0,000000
196 1708452159 0,000000 0,000000 -101,000000 0,000000 0,000000
196 1708452160 4,000000 0,200000 0,800000 0,800000 -20,200000
196 1708452161 4,000000 0,200000 1,600000 1,600000 -20,200000
196 1708452162 4,000000 0,200000 2,400000 2,400000 -20,200000
196 1708452163 4,000000 0,200000 3,200000 3,200000 -20,200000
196 1708452164 4,000000 0,200000 4,000000 4,000000 -20,200000
196 1708452165 2,000000 0,600000 5,200000 5,200000 -20,200000
196 1708452166 2,000000 0,600000 6,400000 6,400000 -20,200000
196 1708452167 2,000000 0,600000 7,600000 7,600000 -20,200000
196 1708452168 2,000000 0,600000 8,800000 8,800000 -20,200000
196 1708452169 2,000000 0,600000 10,000000 10,000000 -20,200000
196 1708452170 0,333333 1,200000 10,400000 10,400000 -20,200000
196 1708452171 0,333333 1,200000 10,800000 10,800000 -20,200000
196 1708452172 0,333333 1,200000 11,200000 11,200000 -20,200000
196 1708452173 0,333333 1,200000 11,600000 11,600000 -20,200000
196 1708452174 0,333333 1,200000 12,000000 12,000000 -20,200000
196 1708452175 0,750000 1,600000 13,200000 13,200000 -20,200000
196 1708452176 0,750000 1,600000 14,400000 14,400000 -20,200000
196 1708452177 0,750000 1,600000 15,600000 15,600000 -20,200000
196 1708452178 0,750000 1,600000 16,800000 16,800000 -20,200000
196 1708452179 0,750000 1,600000 18,000000 18,000000 -20,200000
196 1708452180 0,600000 2,000000 19,200000 19,200000 -20,200000
196 1708452181 0,600000 2,000000 20,400000 20,400000 -20,200000
196 1708452182 0,600000 2,000000 21,600000 21,600000 -20,200000
196 1708452183 0,600000 2,000000 22,800000 22,800000 -20,200000
196 1708452184 0,600000 2,000000 24,000000 24,000000 -20,200000
196 1708452185 0,500000 2,400000 25,200000 25,200000 -20,200000
196 1708452186 0,500000 2,400000 26,400000 26,400000 -20,200000
196 1708452187 0,500000 2,400000 27,600000 27,600000 -20,200000
196 1708452188 0,500000 2,400000 28,800000 28,800000 -20,200000
196 1708452189 0,500000 2,400000 30,000000 30,000000 -20,200000
196 1708452190 0,533333 3,000000 31,600000 31,600000 -20,200000
196 1708452191 0,533333 3,000000 33,200000 33,200000 -20,200000
196 1708452192 0,533333 3,000000 34,800000 34,800000 -20,200000
196 1708452193 0,533333 3,000000 36,400000 36,400000 -20,200000
196 1708452194 0,533333 3,000000 38,000000 38,000000 -20,200000
196 1708452195 0,000000 3,400000 38,000000 38,000000 -20,200000
196 1708452196 0,000000 3,400000 38,000000 38,000000 -20,200000
196 1708452197 0,000000 3,400000 38,000000 38,000000 -20,200000
196 1708452198 0,000000 3,400000 38,000000 38,000000 -20,200000
196 1708452199 0,000000 3,400000 38,000000 38,000000 -20,200000
196 1708452200 0,315789 3,800000 39,200000 39,200000 -20,200000
196 1708452201 0,315789 3,800000 40,400000 40,400000 -20,200000
196 1708452202 0,315789 3,800000 41,600000 41,600000 -20,200000
196 1708452203 0,315789 3,800000 42,800000 42,800000 -20,200000
196 1708452204 0,315789 3,800000 44,000000 44,000000 -20,200000
196 1708452205 0,285714 4,200000 45,200000 45,200000 -20,200000
196 1708452206 0,285714 4,200000 46,400000 46,400000 -20,200000
196 1708452207 0,285714 4,200000 47,600000 47,600000 -20,200000
196 1708452208 0,285714 4,200000 48,800000 48,800000 -20,200000
196 1708452209 0,285714 4,200000 50,000000 50,000000 -20,200000
196 1708452210 0,090909 4,400000 50,400000 50,400000 -20,200000
196 1708452211 0,090909 4,400000 50,800000 50,800000 -20,200000
196 1708452212 0,090909 4,400000 51,200000 51,200000 -20,200000
196 1708452213 0,090909 4,400000 51,600000 51,600000 -20,200000
196 1708452214 0,090909 4,400000 52,000000 52,000000 -20,200000
196 1708452215 -0,173913 4,600000 51,200000 51,200000 -20,200000
196 1708452216 -0,173913 4,600000 50,400000 50,400000 -20,200000
196 1708452217 -0,173913 4,600000 49,600000 49,600000 -20,200000
196 1708452218 -0,173913 4,600000 48,800000 48,800000 -20,200000
196 1708452219 -0,173913 4,600000 48,000000 48,000000 -20,200000
196 1708452220 0,083333 4,800000 48,400000 48,400000 -20,200000
196 1708452221 0,083333 4,800000 48,800000 48,800000 -20,200000
196 1708452222 0,083333 4,800000 49,200000 49,200000 -20,200000
196 1708452223 0,083333 4,800000 49,600000 49,600000 -20,200000
196 1708452224 0,083333 4,800000 50,000000 50,000000 -20,200000
196 1708452225 -0,038462 5,200000 49,800000 49,800000 -20,200000
196 1708452226 -0,038462 5,200000 49,600000 49,600000 -20,200000
196 1708452227 -0,038462 5,200000 49,400000 49,400000 -20,200000
196 1708452228 -0,038462 5,200000 49,200000 49,200000 -20,200000
196 1708452229 -0,038462 5,200000 49,000000 49,000000 -20,200000
196 1708452230 -0,035714 5,600000 48,800000 48,800000 -20,200000
196 1708452231 -0,035714 5,600000 48,600000 48,600000 -20,200000
196 1708452232 -0,035714 5,600000 48,400000 48,400000 -20,200000
196 1708452233 -0,035714 5,600000 48,200000 48,200000 -20,200000
196 1708452234 -0,035714 5,600000 48,000000 48,000000 -20,200000
196 1708452235 0,000000 5,600000 48,000000 48,000000 -20,200000
196 1708452236 0,000000 5,600000 48,000000 48,000000 -20,200000
196 1708452237 0,000000 5,600000 48,000000 48,000000 -20,200000
196 1708452238 0,000000 5,600000 48,000000 48,000000 -20,200000
196 1708452239 0,000000 5,600000 48,000000 48,000000 -20,200000
196 1708452240 0,000000 5,600000 48,000000 48,000000 -20,200000
196 1708452241 0,000000 5,600000 48,000000 48,000000 -20,200000
196 1708452242 0,000000 5,600000 48,000000 48,000000 -20,200000
196 1708452243 0,000000 5,600000 48,000000 48,000000 -20,200000
196 1708452244 0,000000 5,600000 48,000000 48,000000 -20,200000
196 1708452245 -0,064516 6,200000 47,600000 47,600000 -20,200000
196 1708452246 -0,064516 6,200000 47,200000 47,200000 -20,200000
196 1708452247 -0,064516 6,200000 46,800000 46,800000 -20,200000
196 1708452248 -0,064516 6,200000 46,400000 46,400000 -20,200000
196 1708452249 -0,064516 6,200000 46,000000 46,000000 -20,200000
196 1708452250 0,114286 7,000000 46,800000 46,800000 -20,200000
196 1708452251 0,114286 7,000000 47,600000 47,600000 -20,200000
196 1708452252 0,114286 7,000000 48,400000 48,400000 -20,200000
196 1708452253 0,114286 7,000000 49,200000 49,200000 -20,200000
196 1708452254 0,114286 7,000000 50,000000 50,000000 -20,200000
196 1708452255 -0,054054 7,400000 49,600000 49,600000 -20,200000
196 1708452256 -0,054054 7,400000 49,200000 49,200000 -20,200000
196 1708452257 -0,054054 7,400000 48,800000 48,800000 -20,200000
196 1708452258 -0,054054 7,400000 48,400000 48,400000 -20,200000
196 1708452259 -0,054054 7,400000 48,000000 48,000000 -20,200000
196 1708452260 -0,052632 7,600000 47,600000 47,600000 -20,200000
196 1708452261 -0,052632 7,600000 47,200000 47,200000 -20,200000
196 1708452262 -0,052632 7,600000 46,800000 46,800000 -20,200000
196 1708452263 -0,052632 7,600000 46,400000 46,400000 -20,200000
196 1708452264 -0,052632 7,600000 46,000000 46,000000 -20,200000
196 1708452265 0,100000 8,000000 46,800000 46,800000 -20,200000
196 1708452266 0,100000 8,000000 47,600000 47,600000 -20,200000
196 1708452267 0,100000 8,000000 48,400000 48,400000 -20,200000
196 1708452268 0,100000 8,000000 49,200000 49,200000 -20,200000
196 1708452269 0,100000 8,000000 50,000000 50,000000 -20,200000
196 1708452270 0,048780 8,200000 50,400000 50,400000 -20,200000
196 1708452271 0,048780 8,200000 50,800000 50,800000 -20,200000
196 1708452272 0,048780 8,200000 51,200000 51,200000 -20,200000
196 1708452273 0,048780 8,200000 51,600000 51,600000 -20,200000
196 1708452274 0,048780 8,200000 52,000000 52,000000 -20,200000
196 1708452275 -0,222222 9,000000 50,000000 50,000000 -20,200000
196 1708452276 -0,222222 9,000000 48,000000 48,000000 -20,200000
196 1708452277 -0,222222 9,000000 46,000000 46,000000 -20,200000
196 1708452278 -0,222222 9,000000 44,000000 44,000000 -20,200000
196 1708452279 -0,222222 9,000000 42,000000 42,000000 -20,200000
196 1708452280 0,142857 9,800000 43,400000 43,400000 -20,200000
196 1708452281 0,142857 9,800000 44,800000 44,800000 -20,200000
196 1708452282 0,142857 9,800000 46,200000 46,200000 -20,200000
196 1708452283 0,142857 9,800000 47,600000 47,600000 -20,200000
196 1708452284 0,142857 9,800000 49,000000 49,000000 -20,200000
196 1708452285 0,040000 10,000000 49,400000 49,400000 -20,200000
196 1708452286 0,040000 10,000000 49,800000 49,800000 -20,200000
196 1708452287 0,040000 10,000000 50,200000 50,200000 -20,200000
196 1708452288 0,040000 10,000000 50,600000 50,600000 -20,200000
196 1708452289 0,040000 10,000000 51,000000 51,000000 -20,200000
196 1708452290 -0,078431 10,200000 50,200000 50,200000 -20,200000
196 1708452291 -0,078431 10,200000 49,400000 49,400000 -20,200000
196 1708452292 -0,078431 10,200000 48,600000 48,600000 -20,200000
196 1708452293 -0,078431 10,200000 47,800000 47,800000 -20,200000
196 1708452294 -0,078431 10,200000 47,000000 47,000000 -20,200000
196 1708452295 0,000000 10,200000 47,000000 47,000000 -20,200000
196 1708452296 0,000000 10,200000 47,000000 47,000000 -20,200000
196 1708452297 0,000000 10,200000 47,000000 47,000000 -20,200000
196 1708452298 0,000000 10,200000 47,000000 47,000000 -20,200000
196 1708452299 0,000000 10,200000 47,000000 47,000000 -20,200000
196 1708452300 0,000000 10,200000 47,000000 47,000000 -20,200000
196 1708452301 0,000000 10,200000 47,000000 47,000000 -20,200000
196 1708452302 0,000000 10,200000 47,000000 47,000000 -20,200000
196 1708452303 0,000000 10,200000 47,000000 47,000000 -20,200000
196 1708452304 0,000000 10,200000 47,000000 47,000000 -20,200000
196 1708452305 0,038462 10,400000 47,400000 47,400000 -20,200000
196 1708452306 0,038462 10,400000 47,800000 47,800000 -20,200000
196 1708452307 0,038462 10,400000 48,200000 48,200000 -20,200000
196 1708452308 0,038462 10,400000 48,600000 48,600000 -20,200000
196 1708452309 0,038462 10,400000 49,000000 49,000000 -20,200000
196 1708452310 0,037736 10,600000 49,400000 49,400000 -20,200000
196 1708452311 0,037736 10,600000 49,800000 49,800000 -20,200000
196 1708452312 0,037736 10,600000 50,200000 50,200000 -20,200000
196 1708452313 0,037736 10,600000 50,600000 50,600000 -20,200000
196 1708452314 0,037736 10,600000 51,000000 51,000000 -20,200000
196 1708452315 -0,109091 11,000000 49,800000 49,800000 -20,200000
196 1708452316 -0,109091 11,000000 48,600000 48,600000 -20,200000
196 1708452317 -0,109091 11,000000 47,400000 47,400000 -20,200000
196 1708452318 -0,109091 11,000000 46,200000 46,200000 -20,200000
196 1708452319 -0,109091 11,000000 45,000000 45,000000 -20,200000
196 1708452320 -0,035714 11,200000 44,600000 44,600000 -20,200000
196 1708452321 -0,035714 11,200000 44,200000 44,200000 -20,200000
196 1708452322 -0,035714 11,200000 43,800000 43,800000 -20,200000
196 1708452323 -0,035714 11,200000 43,400000 43,400000 -20,200000
196 1708452324 -0,035714 11,200000 43,000000 43,000000 -20,200000
196 1708452325 0,049180 12,200000 43,600000 43,600000 -20,200000
196 1708452326 0,049180 12,200000 44,200000 44,200000 -20,200000
196 1708452327 0,049180 12,200000 44,800000 44,800000 -20,200000
196 1708452328 0,049180 12,200000 45,400000 45,400000 -20,200000
196 1708452329 0,049180 12,200000 46,000000 46,000000 -20,200000
196 1708452330 0,061538 13,000000 46,800000 46,800000 -20,200000
196 1708452331 0,061538 13,000000 47,600000 47,600000 -20,200000
196 1708452332 0,061538 13,000000 48,400000 48,400000 -20,200000
196 1708452333 0,061538 13,000000 49,200000 49,200000 -20,200000
196 1708452334 0,061538 13,000000 50,000000 50,000000 -20,200000
196 1708452335 -0,029851 13,400000 49,600000 49,600000 -20,200000
196 1708452336 -0,029851 13,400000 49,200000 49,200000 -20,200000
196 1708452337 -0,029851 13,400000 48,800000 48,800000 -20,200000
196 1708452338 -0,029851 13,400000 48,400000 48,400000 -20,200000
196 1708452339 -0,029851 13,400000 48,000000 48,000000 -20,200000
196 1708452340 0,029412 13,600000 48,400000 48,400000 -20,200000
196 1708452341 0,029412 13,600000 48,800000 48,800000 -20,200000
196 1708452342 0,029412 13,600000 49,200000 49,200000 -20,200000
196 1708452343 0,029412 13,600000 49,600000 49,600000 -20,200000
196 1708452344 0,029412 13,600000 50,000000 50,000000 -20,200000
196 1708452345 -0,014286 14,000000 49,800000 49,800000 -20,200000
196 1708452346 -0,014286 14,000000 49,600000 49,600000 -20,200000
196 1708452347 -0,014286 14,000000 49,400000 49,400000 -20,200000
196 1708452348 -0,014286 14,000000 49,200000 49,200000 -20,200000
196 1708452349 -0,014286 14,000000 49,000000 49,000000 -20,200000
196 1708452350 -0,042254 14,200000 48,400000 48,400000 -20,200000
196 1708452351 -0,042254 14,200000 47,800000 47,800000 -20,200000
196 1708452352 -0,042254 14,200000 47,200000 47,200000 -20,200000
196 1708452353 -0,042254 14,200000 46,600000 46,600000 -20,200000
196 1708452354 -0,042254 14,200000 46,000000 46,000000 -20,200000
196 1708452355 0,000000 14,600000 46,000000 46,000000 -20,200000
196 1708452356 0,000000 14,600000 46,000000 46,000000 -20,200000
196 1708452357 0,000000 14,600000 46,000000 46,000000 -20,200000
196 1708452358 0,000000 14,600000 46,000000 46,000000 -20,200000
196 1708452359 0,000000 14,600000 46,000000 46,000000 -20,200000
196 1708452360 0,027027 14,800000 46,400000 46,400000 -20,200000
196 1708452361 0,027027 14,800000 46,800000 46,800000 -20,200000
196 1708452362 0,027027 14,800000 47,200000 47,200000 -20,200000
196 1708452363 0,027027 14,800000 47,600000 47,600000 -20,200000
196 1708452364 0,027027 14,800000 48,000000 48,000000 -20,200000
196 1708452365 0,026667 15,000000 48,400000 48,400000 -20,200000
196 1708452366 0,026667 15,000000 48,800000 48,800000 -20,200000
196 1708452367 0,026667 15,000000 49,200000 49,200000 -20,200000
196 1708452368 0,026667 15,000000 49,600000 49,600000 -20,200000
196 1708452369 0,026667 15,000000 50,000000 50,000000 -20,200000
196 1708452370 0,026316 15,200000 50,400000 50,400000 -20,200000
196 1708452371 0,026316 15,200000 50,800000 50,800000 -20,200000
196 1708452372 0,026316 15,200000 51,200000 51,200000 -20,200000
196 1708452373 0,026316 15,200000 51,600000 51,600000 -20,200000
196 1708452374 0,026316 15,200000 52,000000 52,000000 -20,200000
196 1708452375 -0,051948 15,400000 51,200000 51,200000 -20,200000
196 1708452376 -0,051948 15,400000 50,400000 50,400000 -20,200000
196 1708452377 -0,051948 15,400000 49,600000 49,600000 -20,200000
196 1708452378 -0,051948 15,400000 48,800000 48,800000 -20,200000
196 1708452379 -0,051948 15,400000 48,000000 48,000000 -20,200000
196 1708452380 0,000000 15,800000 48,000000 48,000000 -20,200000
196 1708452381 0,000000 15,800000 48,000000 48,000000 -20,200000
196 1708452382 0,000000 15,800000 48,000000 48,000000 -20,200000
196 1708452383 0,000000 15,800000 48,000000 48,000000 -20,200000
196 1708452384 0,000000 15,800000 48,000000 48,000000 -20,200000
196 1708452385 0,025000 16,000000 48,400000 48,400000 -20,200000
196 1708452386 0,025000 16,000000 48,800000 48,800000 -20,200000
196 1708452387 0,025000 16,000000 49,200000 49,200000 -20,200000
196 1708452388 0,025000 16,000000 49,600000 49,600000 -20,200000
196 1708452389 0,025000 16,000000 50,000000 50,000000 -20,200000
196 1708452390 -0,024096 16,600000 49,600000 49,600000 -20,200000
196 1708452391 -0,024096 16,600000 49,200000 49,200000 -20,200000
196 1708452392 -0,024096 16,600000 48,800000 48,800000 -20,200000
196 1708452393 -0,024096 16,600000 48,400000 48,400000 -20,200000
196 1708452394 -0,024096 16,600000 48,000000 48,000000 -20,200000
196 1708452395 -0,023529 17,000000 47,600000 47,600000 -20,200000
196 1708452396 -0,023529 17,000000 47,200000 47,200000 -20,200000
196 1708452397 -0,023529 17,000000 46,800000 46,800000 -20,200000
196 1708452398 -0,023529 17,000000 46,400000 46,400000 -20,200000
196 1708452399 -0,023529 17,000000 46,000000 46,000000 -20,200000
196 1708452400 0,022727 17,600000 46,400000 46,400000 -20,200000
196 1708452401 0,022727 17,600000 46,800000 46,800000 -20,200000
196 1708452402 0,022727 17,600000 47,200000 47,200000 -20,200000
196 1708452403 0,022727 17,600000 47,600000 47,600000 -20,200000
196 1708452404 0,022727 17,600000 48,000000 48,000000 -20,200000
196 1708452405 0,021978 18,200000 48,400000 48,400000 -20,200000
196 1708452406 0,021978 18,200000 48,800000 48,800000 -20,200000
196 1708452407 0,021978 18,200000 49,200000 49,200000 -20,200000
196 1708452408 0,021978 18,200000 49,600000 49,600000 -20,200000
196 1708452409 0,021978 18,200000 50,000000 50,000000 -20,200000
196 1708452410 -0,021505 18,600000 49,600000 49,600000 -20,200000
196 1708452411 -0,021505 18,600000 49,200000 49,200000 -20,200000
196 1708452412 -0,021505 18,600000 48,800000 48,800000 -20,200000
196 1708452413 -0,021505 18,600000 48,400000 48,400000 -20,200000
196 1708452414 -0,021505 18,600000 48,000000 48,000000 -20,200000
196 1708452415 0,000000 18,600000 48,000000 48,000000 -20,200000
196 1708452416 0,000000 18,600000 48,000000 48,000000 -20,200000
196 1708452417 0,000000 18,600000 48,000000 48,000000 -20,200000
196 1708452418 0,000000 18,600000 48,000000 48,000000 -20,200000
196 1708452419 0,000000 18,600000 48,000000 48,000000 -20,200000
196 1708452420 -0,021277 18,800000 47,600000 47,600000 -20,200000
196 1708452421 -0,021277 18,800000 47,200000 47,200000 -20,200000
196 1708452422 -0,021277 18,800000 46,800000 46,800000 -20,200000
196 1708452423 -0,021277 18,800000 46,400000 46,400000 -20,200000
196 1708452424 -0,021277 18,800000 46,000000 46,000000 -20,200000
196 1708452425 0,021053 19,000000 46,400000 46,400000 -20,200000
196 1708452426 0,021053 19,000000 46,800000 46,800000 -20,200000
196 1708452427 0,021053 19,000000 47,200000 47,200000 -20,200000
196 1708452428 0,021053 19,000000 47,600000 47,600000 -20,200000
196 1708452429 0,021053 19,000000 48,000000 48,000000 -20,200000
196 1708452430 0,020408 19,600000 48,400000 48,400000 -20,200000
196 1708452431 0,020408 19,600000 48,800000 48,800000 -20,200000
196 1708452432 0,020408 19,600000 49,200000 49,200000 -20,200000
196 1708452433 0,020408 19,600000 49,600000 49,600000 -20,200000
196 1708452434 0,020408 19,600000 50,000000 50,000000 -20,200000
196 1708452435 -0,049505 20,200000 49,000000 49,000000 -20,200000
196 1708452436 -0,049505 20,200000 48,000000 48,000000 -20,200000
196 1708452437 -0,049505 20,200000 47,000000 47,000000 -20,200000
196 1708452438 -0,049505 20,200000 46,000000 46,000000 -20,200000
196 1708452439 -0,049505 20,200000 45,000000 45,000000 -20,200000
196 1708452440 0,019608 20,400000 45,400000 45,400000 -20,200000
196 1708452441 0,019608 20,400000 45,800000 45,800000 -20,200000
196 1708452442 0,019608 20,400000 46,200000 46,200000 -20,200000
196 1708452443 0,019608 20,400000 46,600000 46,600000 -20,200000
196 1708452444 0,019608 20,400000 47,000000 47,000000 -20,200000
196 1708452445 0,019417 20,600000 47,400000 47,400000 -20,200000
196 1708452446 0,019417 20,600000 47,800000 47,800000 -20,200000
196 1708452447 0,019417 20,600000 48,200000 48,200000 -20,200000
196 1708452448 0,019417 20,600000 48,600000 48,600000 -20,200000
196 1708452449 0,019417 20,600000 49,000000 49,000000 -20,200000
196 1708452450 0,019231 20,800000 49,400000 49,400000 -20,200000
196 1708452451 0,019231 20,800000 49,800000 49,800000 -20,200000
196 1708452452 0,019231 20,800000 50,200000 50,200000 -20,200000
196 1708452453 0,019231 20,800000 50,600000 50,600000 -20,200000
196 1708452454 0,019231 20,800000 51,000000 51,000000 -20,200000
196 1708452455 -0,038095 21,000000 50,200000 50,200000 -20,200000
196 1708452456 -0,038095 21,000000 49,400000 49,400000 -20,200000
196 1708452457 -0,038095 21,000000 48,600000 48,600000 -20,200000
196 1708452458 -0,038095 21,000000 47,800000 47,800000 -20,200000
196 1708452459 -0,038095 21,000000 47,000000 47,000000 -20,200000
196 1708452460 0,000000 21,400000 47,000000 47,000000 -20,200000
196 1708452461 0,000000 21,400000 47,000000 47,000000 -20,200000
196 1708452462 0,000000 21,400000 47,000000 47,000000 -20,200000
196 1708452463 0,000000 21,400000 47,000000 47,000000 -20,200000
196 1708452464 0,000000 21,400000 47,000000 47,000000 -20,200000
196 1708452465 0,009091 22,000000 47,200000 47,200000 -20,200000
196 1708452466 0,009091 22,000000 47,400000 47,400000 -20,200000
196 1708452467 0,009091 22,000000 47,600000 47,600000 -20,200000
196 1708452468 0,009091 22,000000 47,800000 47,800000 -20,200000
196 1708452469 0,009091 22,000000 48,000000 48,000000 -20,200000
196 1708452470 -0,027027 22,200000 47,400000 47,400000 -20,200000
196 1708452471 -0,027027 22,200000 46,800000 46,800000 -20,200000
196 1708452472 -0,027027 22,200000 46,200000 46,200000 -20,200000
196 1708452473 -0,027027 22,200000 45,600000 45,600000 -20,200000
196 1708452474 -0,027027 22,200000 45,000000 45,000000 -20,200000
196 1708452475 0,008772 22,800000 45,200000 45,200000 -20,200000
196 1708452476 0,008772 22,800000 45,400000 45,400000 -20,200000
196 1708452477 0,008772 22,800000 45,600000 45,600000 -20,200000
196 1708452478 0,008772 22,800000 45,800000 45,800000 -20,200000
196 1708452479 0,008772 22,800000 46,000000 46,000000 -20,200000
196 1708452480 -0,008696 23,000000 45,800000 45,800000 -20,200000
196 1708452481 -0,008696 23,000000 45,600000 45,600000 -20,200000
196 1708452482 -0,008696 23,000000 45,400000 45,400000 -20,200000
196 1708452483 -0,008696 23,000000 45,200000 45,200000 -20,200000
196 1708452484 -0,008696 23,000000 45,000000 45,000000 -20,200000
196 1708452485 0,016949 23,600000 45,400000 45,400000 -20,200000
196 1708452486 0,016949 23,600000 45,800000 45,800000 -20,200000
196 1708452487 0,016949 23,600000 46,200000 46,200000 -20,200000
196 1708452488 0,016949 23,600000 46,600000 46,600000 -20,200000
196 1708452489 0,016949 23,600000 47,000000 47,000000 -20,200000
196 1708452490 0,025000 24,000000 47,600000 47,600000 -20,200000
196 1708452491 0,025000 24,000000 48,200000 48,200000 -20,200000
196 1708452492 0,025000 24,000000 48,800000 48,800000 -20,200000
196 1708452493 0,025000 24,000000 49,400000 49,400000 -20,200000
196 1708452494 0,025000 24,000000 50,000000 50,000000 -20,200000
196 1708452495 -0,049180 24,400000 48,800000 48,800000 -20,200000
196 1708452496 -0,049180 24,400000 47,600000 47,600000 -20,200000
196 1708452497 -0,049180 24,400000 46,400000 46,400000 -20,200000
196 1708452498 -0,049180 24,400000 45,200000 45,200000 -20,200000
196 1708452499 -0,049180 24,400000 44,000000 44,000000 -20,200000
196 1708452500 0,000000 24,400000 44,000000 44,000000 -20,200000
196 1708452501 0,000000 24,400000 44,000000 44,000000 -20,200000
196 1708452502 0,000000 24,400000 44,000000 44,000000 -20,200000
196 1708452503 0,000000 24,400000 44,000000 44,000000 -20,200000
196 1708452504 0,000000 24,400000 44,000000 44,000000 -20,200000
196 1708452505 0,032258 24,800000 44,800000 44,800000 -20,200000
196 1708452506 0,032258 24,800000 45,600000 45,600000 -20,200000
196 1708452507 0,032258 24,800000 46,400000 46,400000 -20,200000
196 1708452508 0,032258 24,800000 47,200000 47,200000 -20,200000
196 1708452509 0,032258 24,800000 48,000000 48,000000 -20,200000
196 1708452510 0,016000 25,000000 48,400000 48,400000 -20,200000
196 1708452511 0,016000 25,000000 48,800000 48,800000 -20,200000
196 1708452512 0,016000 25,000000 49,200000 49,200000 -20,200000
196 1708452513 0,016000 25,000000 49,600000 49,600000 -20,200000
196 1708452514 0,016000 25,000000 50,000000 50,000000 -20,200000
196 1708452515 -0,047244 25,400000 48,800000 48,800000 -20,200000
196 1708452516 -0,047244 25,400000 47,600000 47,600000 -20,200000
196 1708452517 -0,047244 25,400000 46,400000 46,400000 -20,200000
196 1708452518 -0,047244 25,400000 45,200000 45,200000 -20,200000
196 1708452519 -0,047244 25,400000 44,000000 44,000000 -20,200000
196 1708452520 0,023256 25,800000 44,600000 44,600000 -20,200000
196 1708452521 0,023256 25,800000 45,200000 45,200000 -20,200000
196 1708452522 0,023256 25,800000 45,800000 45,800000 -20,200000
196 1708452523 0,023256 25,800000 46,400000 46,400000 -20,200000
196 1708452524 0,023256 25,800000 47,000000 47,000000 -20,200000
196 1708452525 0,015385 26,000000 47,400000 47,400000 -20,200000
196 1708452526 0,015385 26,000000 47,800000 47,800000 -20,200000
196 1708452527 0,015385 26,000000 48,200000 48,200000 -20,200000
196 1708452528 0,015385 26,000000 48,600000 48,600000 -20,200000
196 1708452529 0,015385 26,000000 49,000000 49,000000 -20,200000
196 1708452530 -0,060150 26,600000 47,400000 47,400000 -20,200000
196 1708452531 -0,060150 26,600000 45,800000 45,800000 -20,200000
196 1708452532 -0,060150 26,600000 44,200000 44,200000 -20,200000
196 1708452533 -0,060150 26,600000 42,600000 42,600000 -20,200000
196 1708452534 -0,060150 26,600000 41,000000 41,000000 -20,200000
196 1708452535 0,022222 27,000000 41,600000 41,600000 -20,200000
196 1708452536 0,022222 27,000000 42,200000 42,200000 -20,200000
196 1708452537 0,022222 27,000000 42,800000 42,800000 -20,200000
196 1708452538 0,022222 27,000000 43,400000 43,400000 -20,200000
196 1708452539 0,022222 27,000000 44,000000 44,000000 -20,200000
196 1708452540 -0,014706 27,200000 43,600000 43,600000 -20,200000
196 1708452541 -0,014706 27,200000 43,200000 43,200000 -20,200000
196 1708452542 -0,014706 27,200000 42,800000 42,800000 -20,200000
196 1708452543 -0,014706 27,200000 42,400000 42,400000 -20,200000
196 1708452544 -0,014706 27,200000 42,000000 42,000000 -20,200000
196 1708452545 0,028571 28,000000 42,800000 42,800000 -20,200000
196 1708452546 0,028571 28,000000 43,600000 43,600000 -20,200000
196 1708452547 0,028571 28,000000 44,400000 44,400000 -20,200000
196 1708452548 0,028571 28,000000 45,200000 45,200000 -20,200000
196 1708452549 0,028571 28,000000 46,000000 46,000000 -20,200000
196 1708452550 0,014184 28,200000 46,400000 46,400000 -20,200000
196 1708452551 0,014184 28,200000 46,800000 46,800000 -20,200000
196 1708452552 0,014184 28,200000 47,200000 47,200000 -20,200000
196 1708452553 0,014184 28,200000 47,600000 47,600000 -20,200000
196 1708452554 0,014184 28,200000 48,000000 48,000000 -20,200000
196 1708452555 -0,028169 28,400000 47,200000 47,200000 -20,200000
196 1708452556 -0,028169 28,400000 46,400000 46,400000 -20,200000
196 1708452557 -0,028169 28,400000 45,600000 45,600000 -20,200000
196 1708452558 -0,028169 28,400000 44,800000 44,800000 -20,200000
196 1708452559 -0,028169 28,400000 44,000000 44,000000 -20,200000
196 1708452560 0,000000 28,400000 44,000000 44,000000 -20,200000
196 1708452561 0,000000 28,400000 44,000000 44,000000 -20,200000
196 1708452562 0,000000 28,400000 44,000000 44,000000 -20,200000
196 1708452563 0,000000 28,400000 44,000000 44,000000 -20,200000
196 1708452564 0,000000 28,400000 44,000000 44,000000 -20,200000
196 1708452565 0,006944 28,800000 44,200000 44,200000 -20,200000
196 1708452566 0,006944 28,800000 44,400000 44,400000 -20,200000
196 1708452567 0,006944 28,800000 44,600000 44,600000 -20,200000
196 1708452568 0,006944 28,800000 44,800000 44,800000 -20,200000
196 1708452569 0,006944 28,800000 45,000000 45,000000 -20,200000
196 1708452570 0,013605 29,400000 45,400000 45,400000 -20,200000
196 1708452571 0,013605 29,400000 45,800000 45,800000 -20,200000
196 1708452572 0,013605 29,400000 46,200000 46,200000 -20,200000
196 1708452573 0,013605 29,400000 46,600000 46,600000 -20,200000
196 1708452574 0,013605 29,400000 47,000000 47,000000 -20,200000
196 1708452575 -0,013423 29,800000 46,600000 46,600000 -20,200000
196 1708452576 -0,013423 29,800000 46,200000 46,200000 -20,200000
196 1708452577 -0,013423 29,800000 45,800000 45,800000 -20,200000
196 1708452578 -0,013423 29,800000 45,400000 45,400000 -20,200000
196 1708452579 -0,013423 29,800000 45,000000 45,000000 -20,200000
196 1708452580 0,006623 30,200000 45,200000 45,200000 -20,200000
196 1708452581 0,006623 30,200000 45,400000 45,400000 -20,200000
196 1708452582 0,006623 30,200000 45,600000 45,600000 -20,200000
196 1708452583 0,006623 30,200000 45,800000 45,800000 -20,200000
196 1708452584 0,006623 30,200000 46,000000 46,000000 -20,200000
196 1708452585 0,019608 30,600000 46,600000 46,600000 -20,200000
196 1708452586 0,019608 30,600000 47,200000 47,200000 -20,200000
196 1708452587 0,019608 30,600000 47,800000 47,800000 -20,200000
196 1708452588 0,019608 30,600000 48,400000 48,400000 -20,200000
196 1708452589 0,019608 30,600000 49,000000 49,000000 -20,200000
196 1708452590 -0,019481 30,800000 48,400000 48,400000 -20,200000
196 1708452591 -0,019481 30,800000 47,800000 47,800000 -20,200000
196 1708452592 -0,019481 30,800000 47,200000 47,200000 -20,200000
196 1708452593 -0,019481 30,800000 46,600000 46,600000 -20,200000
196 1708452594 -0,019481 30,800000 46,000000 46,000000 -20,200000
196 1708452595 -0,006452 31,000000 45,800000 45,800000 -20,200000
196 1708452596 -0,006452 31,000000 45,600000 45,600000 -20,200000
196 1708452597 -0,006452 31,000000 45,400000 45,400000 -20,200000
196 1708452598 -0,006452 31,000000 45,200000 45,200000 -20,200000
196 1708452599 -0,006452 31,000000 45,000000 45,000000 -20,200000
196 1708452600 0,000000 31,400000 45,000000 45,000000 -20,200000
196 1708452601 0,000000 31,400000 45,000000 45,000000 -20,200000
196 1708452602 0,000000 31,400000 45,000000 45,000000 -20,200000
196 1708452603 0,000000 31,400000 45,000000 45,000000 -20,200000
196 1708452604 0,000000 31,400000 45,000000 45,000000 -20,200000
196 1708452605 0,025157 31,800000 45,800000 45,800000 -20,200000
196 1708452606 0,025157 31,800000 46,600000 46,600000 -20,200000
196 1708452607 0,025157 31,800000 47,400000 47,400000 -20,200000
196 1708452608 0,025157 31,800000 48,200000 48,200000 -20,200000
196 1708452609 0,025157 31,800000 49,000000 49,000000 -20,200000
196 1708452610 0,012500 32,000000 49,400000 49,400000 -20,200000
196 1708452611 0,012500 32,000000 49,800000 49,800000 -20,200000
196 1708452612 0,012500 32,000000 50,200000 50,200000 -20,200000
196 1708452613 0,012500 32,000000 50,600000 50,600000 -20,200000
196 1708452614 0,012500 32,000000 51,000000 51,000000 -20,200000
196 1708452615 -0,042945 32,600000 49,600000 49,600000 -20,200000
196 1708452616 -0,042945 32,600000 48,200000 48,200000 -20,200000
196 1708452617 -0,042945 32,600000 46,800000 46,800000 -20,200000
196 1708452618 -0,042945 32,600000 45,400000 45,400000 -20,200000
196 1708452619 -0,042945 32,600000 44,000000 44,000000 -20,200000
196 1708452620 0,024242 33,000000 44,800000 44,800000 -20,200000
196 1708452621 0,024242 33,000000 45,600000 45,600000 -20,200000
196 1708452622 0,024242 33,000000 46,400000 46,400000 -20,200000
196 1708452623 0,024242 33,000000 47,200000 47,200000 -20,200000
196 1708452624 0,024242 33,000000 48,000000 48,000000 -20,200000
196 1708452625 0,012048 33,200000 48,400000 48,400000 -20,200000
196 1708452626 0,012048 33,200000 48,800000 48,800000 -20,200000
196 1708452627 0,012048 33,200000 49,200000 49,200000 -20,200000
196 1708452628 0,012048 33,200000 49,600000 49,600000 -20,200000
196 1708452629 0,012048 33,200000 50,000000 50,000000 -20,200000
196 1708452630 0,011976 33,400000 50,400000 50,400000 -20,200000
196 1708452631 0,011976 33,400000 50,800000 50,800000 -20,200000
196 1708452632 0,011976 33,400000 51,200000 51,200000 -20,200000
196 1708452633 0,011976 33,400000 51,600000 51,600000 -20,200000
196 1708452634 0,011976 33,400000 52,000000 52,000000 -20,200000
196 1708452635 -0,023529 34,000000 51,200000 51,200000 -20,200000
196 1708452636 -0,023529 34,000000 50,400000 50,400000 -20,200000
196 1708452637 -0,023529 34,000000 49,600000 49,600000 -20,200000
196 1708452638 -0,023529 34,000000 48,800000 48,800000 -20,200000
196 1708452639 -0,023529 34,000000 48,000000 48,000000 -20,200000
196 1708452640 0,011696 34,200000 48,400000 48,400000 -20,200000
196 1708452641 0,011696 34,200000 48,800000 48,800000 -20,200000
196 1708452642 0,011696 34,200000 49,200000 49,200000 -20,200000
196 1708452643 0,011696 34,200000 49,600000 49,600000 -20,200000
196 1708452644 0,011696 34,200000 50,000000 50,000000 -20,200000
196 1708452645 -0,011494 34,800000 49,600000 49,600000 -20,200000
196 1708452646 -0,011494 34,800000 49,200000 49,200000 -20,200000
196 1708452647 -0,011494 34,800000 48,800000 48,800000 -20,200000
196 1708452648 -0,011494 34,800000 48,400000 48,400000 -20,200000
196 1708452649 -0,011494 34,800000 48,000000 48,000000 -20,200000
196 1708452650 0,000000 35,400000 48,000000 48,000000 -20,200000
196 1708452651 0,000000 35,400000 48,000000 48,000000 -20,200000
196 1708452652 0,000000 35,400000 48,000000 48,000000 -20,200000
196 1708452653 0,000000 35,400000 48,000000 48,000000 -20,200000
196 1708452654 0,000000 35,400000 48,000000 48,000000 -20,200000
196 1708452655 0,000000 35,400000 48,000000 48,000000 -20,200000
196 1708452656 0,000000 35,400000 48,000000 48,000000 -20,200000
196 1708452657 0,000000 35,400000 48,000000 48,000000 -20,200000
196 1708452658 0,000000 35,400000 48,000000 48,000000 -20,200000
196 1708452659 0,000000 35,400000 48,000000 48,000000 -20,200000
196 1708452660 0,000000 35,400000 48,000000 48,000000 -20,200000
196 1708452661 0,000000 35,400000 48,000000 48,000000 -20,200000
196 1708452662 0,000000 35,400000 48,000000 48,000000 -20,200000
196 1708452663 0,000000 35,400000 48,000000 48,000000 -20,200000
196 1708452664 0,000000 35,400000 48,000000 48,000000 -20,200000
196 1708452665 0,011236 35,600000 48,400000 48,400000 -20,200000
196 1708452666 0,011236 35,600000 48,800000 48,800000 -20,200000
196 1708452667 0,011236 35,600000 49,200000 49,200000 -20,200000
196 1708452668 0,011236 35,600000 49,600000 49,600000 -20,200000
196 1708452669 0,011236 35,600000 50,000000 50,000000 -20,200000
196 1708452670 0,000000 36,000000 50,000000 50,000000 -20,200000
196 1708452671 0,000000 36,000000 50,000000 50,000000 -20,200000
196 1708452672 0,000000 36,000000 50,000000 50,000000 -20,200000
196 1708452673 0,000000 36,000000 50,000000 50,000000 -20,200000
196 1708452674 0,000000 36,000000 50,000000 50,000000 -20,200000
196 1708452675 -0,021858 36,600000 49,200000 49,200000 -20,200000
196 1708452676 -0,021858 36,600000 48,400000 48,400000 -20,200000
196 1708452677 -0,021858 36,600000 47,600000 47,600000 -20,200000
196 1708452678 -0,021858 36,600000 46,800000 46,800000 -20,200000
196 1708452679 -0,021858 36,600000 46,000000 46,000000 -20,200000
196 1708452680 0,005435 36,800000 46,200000 46,200000 -20,200000
196 1708452681 0,005435 36,800000 46,400000 46,400000 -20,200000
196 1708452682 0,005435 36,800000 46,600000 46,600000 -20,200000
196 1708452683 0,005435 36,800000 46,800000 46,800000 -20,200000
196 1708452684 0,005435 36,800000 47,000000 47,000000 -20,200000
196 1708452685 -0,021277 37,600000 46,200000 46,200000 -20,200000
196 1708452686 -0,021277 37,600000 45,400000 45,400000 -20,200000
196 1708452687 -0,021277 37,600000 44,600000 44,600000 -20,200000
196 1708452688 -0,021277 37,600000 43,800000 43,800000 -20,200000
196 1708452750 0,000000 1,000000 49,000000 49,000000 10201,000000
196 1708452749 4,000000 0,200000 49,000000 49,000000 2040,328000
196 1708452748 4,000000 0,200000 48,200000 48,200000 2040,328000
196 1708452747 4,000000 0,200000 47,400000 47,400000 2040,328000
196 1708452746 4,000000 0,200000 46,600000 46,600000 2040,328000
196 1708452745 4,000000 0,200000 45,800000 45,800000 2040,328000
196 1708452744 0,000000 0,200000 45,000000 45,000000 2040,200000
196 1708452743 0,000000 0,200000 45,000000 45,000000 2040,200000
196 1708452742 0,000000 0,200000 45,000000 45,000000 2040,200000
196 1708452741 0,000000 0,200000 45,000000 45,000000 2040,200000
196 1708452740 0,000000 0,200000 45,000000 45,000000 2040,200000
196 1708452739 -6,000000 0,200000 45,000000 45,000000 2040,488000
196 1708452738 -6,000000 0,200000 46,200000 46,200000 2040,488000
196 1708452737 -6,000000 0,200000 47,400000 47,400000 2040,488000
196 1708452736 -6,000000 0,200000 48,600000 48,600000 2040,488000
196 1708452735 -6,000000 0,200000 49,800000 49,800000 2040,488000
196 1708452734 4,000000 0,200000 51,000000 51,000000 2040,328000
196 1708452733 4,000000 0,200000 50,200000 50,200000 2040,328000
196 1708452732 4,000000 0,200000 49,400000 49,400000 2040,328000
196 1708452731 4,000000 0,200000 48,600000 48,600000 2040,328000
196 1708452730 4,000000 0,200000 47,800000 47,800000 2040,328000
196 1708452729 2,000000 0,200000 47,000000 47,000000 2040,232000
196 1708452728 2,000000 0,200000 46,600000 46,600000 2040,232000
196 1708452727 2,000000 0,200000 46,200000 46,200000 2040,232000
196 1708452726 2,000000 0,200000 45,800000 45,800000 2040,232000
196 1708452725 2,000000 0,200000 45,400000 45,400000 2040,232000
196 1708452724 0,000000 0,200000 45,000000 45,000000 2040,200000
196 1708452723 0,000000 0,200000 45,000000 45,000000 2040,200000
196 1708452722 0,000000 0,200000 45,000000 45,000000 2040,200000
196 1708452721 0,000000 0,200000 45,000000 45,000000 2040,200000
196 1708452720 0,000000 0,200000 45,000000 45,000000 2040,200000
196 1708452719 -2,000000 0,200000 45,000000 45,000000 2040,232000
196 1708452718 -2,000000 0,200000 45,400000 45,400000 2040,232000
196 1708452717 -2,000000 0,200000 45,800000 45,800000 2040,232000
196 1708452716 -2,000000 0,200000 46,200000 46,200000 2040,232000
196 1708452715 -2,000000 0,200000 46,600000 46,600000 2040,232000
196 1708452714 -4,000000 0,200000 47,000000 47,000000 2040,328000
196 1708452713 -4,000000 0,200000 47,800000 47,800000 2040,328000
196 1708452712 -4,000000 0,200000 48,600000 48,600000 2040,328000
196 1708452711 -4,000000 0,200000 49,400000 49,400000 2040,328000
196 1708452710 -4,000000 0,200000 50,200000 50,200000 2040,328000
196 1708452709 2,000000 0,200000 51,000000 51,000000 2040,232000
196 1708452708 2,000000 0,200000 50,600000 50,600000 2040,232000
196 1708452707 2,000000 0,200000 50,200000 50,200000 2040,232000
196 1708452706 2,000000 0,200000 49,800000 49,800000 2040,232000
196 1708452705 2,000000 0,200000 49,400000 49,400000 2040,232000
196 1708452704 2,000000 0,200000 49,000000 49,000000 2040,232000
196 1708452703 2,000000 0,200000 48,600000 48,600000 2040,232000
196 1708452702 2,000000 0,200000 48,200000 48,200000 2040,232000
196 1708452701 2,000000 0,200000 47,800000 47,800000 2040,232000
196 1708452700 2,000000 0,200000 47,400000 47,400000 2040,232000
196 1708452699 -2,000000 0,200000 47,000000 47,000000 2040,232000
196 1708452698 -2,000000 0,200000 47,400000 47,400000 2040,232000
196 1708452697 -2,000000 0,200000 47,800000 47,800000 2040,232000
196 1708452696 -2,000000 0,200000 48,200000 48,200000 2040,232000
196 1708452695 -2,000000 0,200000 48,600000 48,600000 2040,232000
196 1708452694 6,000000 0,200000 49,000000 49,000000 2040,488000
196 1708452693 6,000000 0,200000 47,800000 47,800000 2040,488000
196 1708452692 6,000000 0,200000 46,600000 46,600000 2040,488000
196 1708452691 6,000000 0,200000 45,400000 45,400000 2040,488000
196 1708452690 6,000000 0,200000 44,200000 44,200000 2040,488000
196 1708452689 -4,000000 0,200000 43,000000 43,000000 2040,328000
196 1708452689 -0,021277 37,600000 43,000000 43,000000 -20,200000
196 1708452690 0,031414 38,200000 44,200000 44,200000 -20,200000
196 1708452691 0,031414 38,200000 45,400000 45,400000 -20,200000
196 1708452692 0,031414 38,200000 46,600000 46,600000 -20,200000
196 1708452693 0,031414 38,200000 47,800000 47,800000 -20,200000
196 1708452694 0,031414 38,200000 49,000000 49,000000 -20,200000
196 1708452695 -0,010363 38,600000 48,600000 48,600000 -20,200000
196 1708452696 -0,010363 38,600000 48,200000 48,200000 -20,200000
196 1708452697 -0,010363 38,600000 47,800000 47,800000 -20,200000
196 1708452698 -0,010363 38,600000 47,400000 47,400000 -20,200000
196 1708452699 -0,010363 38,600000 47,000000 47,000000 -20,200000
196 1708452700 0,010309 38,800000 47,400000 47,400000 -20,200000
196 1708452701 0,010309 38,800000 47,800000 47,800000 -20,200000
196 1708452702 0,010309 38,800000 48,200000 48,200000 -20,200000
196 1708452703 0,010309 38,800000 48,600000 48,600000 -20,200000
196 1708452704 0,010309 38,800000 49,000000 49,000000 -20,200000
196 1708452705 0,010256 39,000000 49,400000 49,400000 -20,200000
196 1708452706 0,010256 39,000000 49,800000 49,800000 -20,200000
196 1708452707 0,010256 39,000000 50,200000 50,200000 -20,200000
196 1708452708 0,010256 39,000000 50,600000 50,600000 -20,200000
196 1708452709 0,010256 39,000000 51,000000 51,000000 -20,200000
196 1708452710 -0,020408 39,200000 50,200000 50,200000 -20,200000
196 1708452711 -0,020408 39,200000 49,400000 49,400000 -20,200000
196 1708452712 -0,020408 39,200000 48,600000 48,600000 -20,200000
196 1708452713 -0,020408 39,200000 47,800000 47,800000 -20,200000
196 1708452714 -0,020408 39,200000 47,000000 47,000000 -20,200000
196 1708452715 -0,010152 39,400000 46,600000 46,600000 -20,200000
196 1708452716 -0,010152 39,400000 46,200000 46,200000 -20,200000
196 1708452717 -0,010152 39,400000 45,800000 45,800000 -20,200000
196 1708452718 -0,010152 39,400000 45,400000 45,400000 -20,200000
196 1708452719 -0,010152 39,400000 45,000000 45,000000 -20,200000
196 1708452720 0,000000 39,400000 45,000000 45,000000 -20,200000
196 1708452721 0,000000 39,400000 45,000000 45,000000 -20,200000
196 1708452722 0,000000 39,400000 45,000000 45,000000 -20,200000
196 1708452723 0,000000 39,400000 45,000000 45,000000 -20,200000
196 1708452724 0,000000 39,400000 45,000000 45,000000 -20,200000
196 1708452725 0,010000 40,000000 45,400000 45,400000 -20,200000
196 1708452726 0,010000 40,000000 45,800000 45,800000 -20,200000
196 1708452727 0,010000 40,000000 46,200000 46,200000 -20,200000
196 1708452728 0,010000 40,000000 46,600000 46,600000 -20,200000
196 1708452729 0,010000 40,000000 47,000000 47,000000 -20,200000
196 1708452730 0,019802 40,400000 47,800000 47,800000 -20,200000
196 1708452731 0,019802 40,400000 48,600000 48,600000 -20,200000
196 1708452732 0,019802 40,400000 49,400000 49,400000 -20,200000
196 1708452733 0,019802 40,400000 50,200000 50,200000 -20,200000
196 1708452734 0,019802 40,400000 51,000000 51,000000 -20,200000
196 1708452735 -0,029412 40,800000 49,800000 49,800000 -20,200000
196 1708452736 -0,029412 40,800000 48,600000 48,600000 -20,200000
196 1708452737 -0,029412 40,800000 47,400000 47,400000 -20,200000
196 1708452738 -0,029412 40,800000 46,200000 46,200000 -20,200000
196 1708452739 -0,029412 40,800000 45,000000 45,000000 -20,200000
196 1708452740 0,000000 41,200000 45,000000 45,000000 -20,200000
196 1708452741 0,000000 41,200000 45,000000 45,000000 -20,200000
196 1708452742 0,000000 41,200000 45,000000 45,000000 -20,200000
196 1708452743 0,000000 41,200000 45,000000 45,000000 -20,200000
196 1708452744 0,000000 41,200000 45,000000 45,000000 -20,200000
196 1708452745 0,019231 41,600000 45,800000 45,800000 -20,200000
196 1708452746 0,019231 41,600000 46,600000 46,600000 -20,200000
196 1708452747 0,019231 41,600000 47,400000 47,400000 -20,200000
196 1708452748 0,019231 41,600000 48,200000 48,200000 -20,200000
196 1708452749 0,019231 41,600000 49,000000 49,000000 -20,200000
196 1708452750 0,009569 41,800000 49,400000 49,400000 -20,200000
196 1708452751 0,009569 41,800000 49,800000 49,800000 -20,200000
196 1708452752 0,009569 41,800000 50,200000 50,200000 -20,200000
196 1708452753 0,009569 41,800000 50,600000 50,600000 -20,200000
196 1708452754 0,009569 41,800000 51,000000 51,000000 -20,200000
196 1708452755 -0,033019 42,400000 49,600000 49,600000 -20,200000
196 1708452756 -0,033019 42,400000 48,200000 48,200000 -20,200000
196 1708452757 -0,033019 42,400000 46,800000 46,800000 -20,200000
196 1708452758 -0,033019 42,400000 45,400000 45,400000 -20,200000
196 1708452759 -0,033019 42,400000 44,000000 44,000000 -20,200000
196 1708452760 0,018519 43,200000 44,800000 44,800000 -20,200000
196 1708452761 0,018519 43,200000 45,600000 45,600000 -20,200000
196 1708452762 0,018519 43,200000 46,400000 46,400000 -20,200000
196 1708452763 0,018519 43,200000 47,200000 47,200000 -20,200000
196 1708452764 0,018519 43,200000 48,000000 48,000000 -20,200000
196 1708452765 0,009217 43,400000 48,400000 48,400000 -20,200000
196 1708452766 0,009217 43,400000 48,800000 48,800000 -20,200000
196 1708452767 0,009217 43,400000 49,200000 49,200000 -20,200000
196 1708452768 0,009217 43,400000 49,600000 49,600000 -20,200000
196 1708452769 0,009217 43,400000 50,000000 50,000000 -20,200000
196 1708452770 -0,009132 43,800000 49,600000 49,600000 -20,200000
196 1708452771 -0,009132 43,800000 49,200000 49,200000 -20,200000
196 1708452772 -0,009132 43,800000 48,800000 48,800000 -20,200000
196 1708452773 -0,009132 43,800000 48,400000 48,400000 -20,200000
196 1708452774 -0,009132 43,800000 48,000000 48,000000 -20,200000
196 1708452775 0,000000 43,800000 48,000000 48,000000 -20,200000
196 1708452776 0,000000 43,800000 48,000000 48,000000 -20,200000
196 1708452777 0,000000 43,800000 48,000000 48,000000 -20,200000
196 1708452778 0,000000 43,800000 48,000000 48,000000 -20,200000
196 1708452779 0,000000 43,800000 48,000000 48,000000 -20,200000
196 1708452780 0,000000 43,800000 48,000000 48,000000 -20,200000
196 1708452781 0,000000 43,800000 48,000000 48,000000 -20,200000
196 1708452782 0,000000 43,800000 48,000000 48,000000 -20,200000
196 1708452783 0,000000 43,800000 48,000000 48,000000 -20,200000
196 1708452784 0,000000 43,800000 48,000000 48,000000 -20,200000
196 1708452785 0,000000 44,200000 48,000000 48,000000 -20,200000
196 1708452786 0,000000 44,200000 48,000000 48,000000 -20,200000
196 1708452787 0,000000 44,200000 48,000000 48,000000 -20,200000
196 1708452788 0,000000 44,200000 48,000000 48,000000 -20,200000
196 1708452789 0,000000 44,200000 48,000000 48,000000 -20,200000
196 1708452790 0,008929 44,800000 48,400000 48,400000 -20,200000
196 1708452791 0,008929 44,800000 48,800000 48,800000 -20,200000
196 1708452792 0,008929 44,800000 49,200000 49,200000 -20,200000
196 1708452793 0,008929 44,800000 49,600000 49,600000 -20,200000
196 1708452794 0,008929 44,800000 50,000000 50,000000 -20,200000
196 1708452795 -0,017778 45,000000 49,200000 49,200000 -20,200000
196 1708452796 -0,017778 45,000000 48,400000 48,400000 -20,200000
196 1708452797 -0,017778 45,000000 47,600000 47,600000 -20,200000
196 1708452798 -0,017778 45,000000 46,800000 46,800000 -20,200000
196 1708452799 -0,017778 45,000000 46,000000 46,000000 -20,200000
196 1708452800 0,008850 45,200000 46,400000 46,400000 -20,200000
196 1708452801 0,008850 45,200000 46,800000 46,800000 -20,200000
196 1708452802 0,008850 45,200000 47,200000 47,200000 -20,200000
196 1708452803 0,008850 45,200000 47,600000 47,600000 -20,200000
196 1708452804 0,008850 45,200000 48,000000 48,000000 -20,200000
196 1708452805 0,000000 45,600000 48,000000 48,000000 -20,200000
196 1708452806 0,000000 45,600000 48,000000 48,000000 -20,200000
196 1708452807 0,000000 45,600000 48,000000 48,000000 -20,200000
196 1708452808 0,000000 45,600000 48,000000 48,000000 -20,200000
196 1708452809 0,000000 45,600000 48,000000 48,000000 -20,200000
196 1708452810 0,008658 46,200000 48,400000 48,400000 -20,200000
196 1708452811 0,008658 46,200000 48,800000 48,800000 -20,200000
196 1708452812 0,008658 46,200000 49,200000 49,200000 -20,200000
196 1708452813 0,008658 46,200000 49,600000 49,600000 -20,200000
196 1708452814 0,008658 46,200000 50,000000 50,000000 -20,200000
196 1708452815 -0,012876 46,600000 49,400000 49,400000 -20,200000
196 1708452816 -0,012876 46,600000 48,800000 48,800000 -20,200000
196 1708452817 -0,012876 46,600000 48,200000 48,200000 -20,200000
196 1708452818 -0,012876 46,600000 47,600000 47,600000 -20,200000
196 1708452819 -0,012876 46,600000 47,000000 47,000000 -20,200000
196 1708452820 0,008547 46,800000 47,400000 47,400000 -20,200000
196 1708452821 0,008547 46,800000 47,800000 47,800000 -20,200000
196 1708452822 0,008547 46,800000 48,200000 48,200000 -20,200000
196 1708452823 0,008547 46,800000 48,600000 48,600000 -20,200000
196 1708452824 0,008547 46,800000 49,000000 49,000000 -20,200000
196 1708452825 0,008511 47,000000 49,400000 49,400000 -20,200000
196 1708452826 0,008511 47,000000 49,800000 49,800000 -20,200000
196 1708452827 0,008511 47,000000 50,200000 50,200000 -20,200000
196 1708452828 0,008511 47,000000 50,600000 50,600000 -20,200000
196 1708452829 0,008511 47,000000 51,000000 51,000000 -20,200000
196 1708452830 -0,016807 47,600000 50,200000 50,200000 -20,200000
196 1708452831 -0,016807 47,600000 49,400000 49,400000 -20,200000
196 1708452832 -0,016807 47,600000 48,600000 48,600000 -20,200000
196 1708452833 -0,016807 47,600000 47,800000 47,800000 -20,200000
196 1708452834 -0,016807 47,600000 47,000000 47,000000 -20,200000
196 1708452835 -0,024896 48,200000 45,800000 45,800000 -20,200000
196 1708452836 -0,024896 48,200000 44,600000 44,600000 -20,200000
196 1708452837 -0,024896 48,200000 43,400000 43,400000 -20,200000
196 1708452838 -0,024896 48,200000 42,200000 42,200000 -20,200000
196 1708452839 -0,024896 48,200000 41,000000 41,000000 -20,200000
196 1708452840 0,016461 48,600000 41,800000 41,800000 -20,200000
196 1708452841 0,016461 48,600000 42,600000 42,600000 -20,200000
196 1708452842 0,016461 48,600000 43,400000 43,400000 -20,200000
196 1708452843 0,016461 48,600000 44,200000 44,200000 -20,200000
196 1708452844 0,016461 48,600000 45,000000 45,000000 -20,200000
196 1708452845 0,016327 49,000000 45,800000 45,800000 -20,200000
196 1708452846 0,016327 49,000000 46,600000 46,600000 -20,200000
196 1708452847 0,016327 49,000000 47,400000 47,400000 -20,200000
196 1708452848 0,016327 49,000000 48,200000 48,200000 -20,200000
196 1708452849 0,016327 49,000000 49,000000 49,000000 -20,200000
196 1708452850 0,008130 49,200000 49,400000 49,400000 -20,200000
196 1708452851 0,008130 49,200000 49,800000 49,800000 -20,200000
196 1708452852 0,008130 49,200000 50,200000 50,200000 -20,200000
196 1708452853 0,008130 49,200000 50,600000 50,600000 -20,200000
196 1708452854 0,008130 49,200000 51,000000 51,000000 -20,200000
196 1708452855 -0,016194 49,400000 50,200000 50,200000 -20,200000
196 1708452856 -0,016194 49,400000 49,400000 49,400000 -20,200000
196 1708452857 -0,016194 49,400000 48,600000 48,600000 -20,200000
196 1708452858 -0,016194 49,400000 47,800000 47,800000 -20,200000
196 1708452859 -0,016194 49,400000 47,000000 47,000000 -20,200000
196 1708452860 0,000000 49,400000 47,000000 47,000000 -20,200000
196 1708452861 0,000000 49,400000 47,000000 47,000000 -20,200000
196 1708452862 0,000000 49,400000 47,000000 47,000000 -20,200000
196 1708452863 0,000000 49,400000 47,000000 47,000000 -20,200000
196 1708452864 0,000000 49,400000 47,000000 47,000000 -20,200000
196 1708452865 0,000000 49,800000 47,000000 47,000000 -20,200000
196 1708452866 0,000000 49,800000 47,000000 47,000000 -20,200000
196 1708452867 0,000000 49,800000 47,000000 47,000000 -20,200000
196 1708452868 0,000000 49,800000 47,000000 47,000000 -20,200000
196 1708452869 0,000000 49,800000 47,000000 47,000000 -20,200000
196 1708452870 0,008000 50,000000 47,400000 47,400000 -20,200000
196 1708452871 0,008000 50,000000 47,800000 47,800000 -20,200000
196 1708452872 0,008000 50,000000 48,200000 48,200000 -20,200000
196 1708452873 0,008000 50,000000 48,600000 48,600000 -20,200000
196 1708452874 0,008000 50,000000 49,000000 49,000000 -20,200000
196 1708452875 -0,011905 50,400000 48,400000 48,400000 -20,200000
196 1708452876 -0,011905 50,400000 47,800000 47,800000 -20,200000
196 1708452877 -0,011905 50,400000 47,200000 47,200000 -20,200000
196 1708452878 -0,011905 50,400000 46,600000 46,600000 -20,200000
196 1708452879 -0,011905 50,400000 46,000000 46,000000 -20,200000
196 1708452880 0,003937 50,800000 46,200000 46,200000 -20,200000
196 1708452881 0,003937 50,800000 46,400000 46,400000 -20,200000
196 1708452882 0,003937 50,800000 46,600000 46,600000 -20,200000
196 1708452883 0,003937 50,800000 46,800000 46,800000 -20,200000
196 1708452884 0,003937 50,800000 47,000000 47,000000 -20,200000
196 1708452885 0,007782 51,400000 47,400000 47,400000 -20,200000
196 1708452886 0,007782 51,400000 47,800000 47,800000 -20,200000
196 1708452887 0,007782 51,400000 48,200000 48,200000 -20,200000
196 1708452888 0,007782 51,400000 48,600000 48,600000 -20,200000
196 1708452889 0,007782 51,400000 49,000000 49,000000 -20,200000
196 1708452890 -0,007663 52,200000 48,600000 48,600000 -20,200000
196 1708452891 -0,007663 52,200000 48,200000 48,200000 -20,200000
196 1708452892 -0,007663 52,200000 47,800000 47,800000 -20,200000
196 1708452893 -0,007663 52,200000 47,400000 47,400000 -20,200000
196 1708452894 -0,007663 52,200000 47,000000 47,000000 -20,200000
196 1708452895 0,000000 52,200000 47,000000 47,000000 -20,200000
196 1708452896 0,000000 52,200000 47,000000 47,000000 -20,200000
196 1708452897 0,000000 52,200000 47,000000 47,000000 -20,200000
196 1708452898 0,000000 52,200000 47,000000 47,000000 -20,200000
196 1708452899 0,000000 52,200000 47,000000 47,000000 -20,200000
196 1708452900 0,000000 52,600000 47,000000 47,000000 -20,200000
196 1708452901 0,000000 52,600000 47,000000 47,000000 -20,200000
196 1708452902 0,000000 52,600000 47,000000 47,000000 -20,200000
196 1708452903 0,000000 52,600000 47,000000 47,000000 -20,200000
196 1708452904 0,000000 52,600000 47,000000 47,000000 -20,200000
196 1708452905 0,007576 52,800000 47,400000 47,400000 -20,200000
196 1708452906 0,007576 52,800000 47,800000 47,800000 -20,200000
196 1708452907 0,007576 52,800000 48,200000 48,200000 -20,200000
196 1708452908 0,007576 52,800000 48,600000 48,600000 -20,200000
196 1708452909 0,007576 52,800000 49,000000 49,000000 -20,200000
196 1708452910 0,000000 53,200000 49,000000 49,000000 -20,200000
196 1708452911 0,000000 53,200000 49,000000 49,000000 -20,200000
196 1708452912 0,000000 53,200000 49,000000 49,000000 -20,200000
196 1708452913 0,000000 53,200000 49,000000 49,000000 -20,200000
196 1708452914 0,000000 53,200000 49,000000 49,000000 -20,200000
196 1708452915 -0,014870 53,800000 48,200000 48,200000 -20,200000
196 1708452916 -0,014870 53,800000 47,400000 47,400000 -20,200000
196 1708452917 -0,014870 53,800000 46,600000 46,600000 -20,200000
196 1708452918 -0,014870 53,800000 45,800000 45,800000 -20,200000
196 1708452919 -0,014870 53,800000 45,000000 45,000000 -20,200000
196 1708452920 0,007407 54,000000 45,400000 45,400000 -20,200000
196 1708452921 0,007407 54,000000 45,800000 45,800000 -20,200000
196 1708452922 0,007407 54,000000 46,200000 46,200000 -20,200000
196 1708452923 0,007407 54,000000 46,600000 46,600000 -20,200000
196 1708452924 0,007407 54,000000 47,000000 47,000000 -20,200000
196 1708452925 0,007380 54,200000 47,400000 47,400000 -20,200000
196 1708452926 0,007380 54,200000 47,800000 47,800000 -20,200000
196 1708452927 0,007380 54,200000 48,200000 48,200000 -20,200000
196 1708452928 0,007380 54,200000 48,600000 48,600000 -20,200000
196 1708452929 0,007380 54,200000 49,000000 49,000000 -20,200000
196 1708452930 0,007353 54,400000 49,400000 49,400000 -20,200000
196 1708452931 0,007353 54,400000 49,800000 49,800000 -20,200000
196 1708452932 0,007353 54,400000 50,200000 50,200000 -20,200000
196 1708452933 0,007353 54,400000 50,600000 50,600000 -20,200000
196 1708452934 0,007353 54,400000 51,000000 51,000000 -20,200000
196 1708452935 -0,014652 54,600000 50,200000 50,200000 -20,200000
196 1708452936 -0,014652 54,600000 49,400000 49,400000 -20,200000
196 1708452937 -0,014652 54,600000 48,600000 48,600000 -20,200000
196 1708452938 -0,014652 54,600000 47,800000 47,800000 -20,200000
196 1708452939 -0,014652 54,600000 47,000000 47,000000 -20,200000
196 1708452940 -0,003623 55,200000 46,800000 46,800000 -20,200000
196 1708452941 -0,003623 55,200000 46,600000 46,600000 -20,200000
196 1708452942 -0,003623 55,200000 46,400000 46,400000 -20,200000
196 1708452943 -0,003623 55,200000 46,200000 46,200000 -20,200000
196 1708452944 -0,003623 55,200000 46,000000 46,000000 -20,200000
196 1708452945 0,021505 55,800000 47,200000 47,200000 -20,200000
196 1708452946 0,021505 55,800000 48,400000 48,400000 -20,200000
196 1708452947 0,021505 55,800000 49,600000 49,600000 -20,200000
196 1708452948 0,021505 55,800000 50,800000 50,800000 -20,200000
196 1708452949 0,021505 55,800000 52,000000 52,000000 -20,200000
196 1708452950 -0,021352 56,200000 50,800000 50,800000 -20,200000
196 1708452951 -0,021352 56,200000 49,600000 49,600000 -20,200000
196 1708452952 -0,021352 56,200000 48,400000 48,400000 -20,200000
196 1708452953 -0,021352 56,200000 47,200000 47,200000 -20,200000
196 1708452954 -0,021352 56,200000 46,000000 46,000000 -20,200000
196 1708452955 0,007092 56,400000 46,400000 46,400000 -20,200000
196 1708452956 0,007092 56,400000 46,800000 46,800000 -20,200000
196 1708452957 0,007092 56,400000 47,200000 47,200000 -20,200000
196 1708452958 0,007092 56,400000 47,600000 47,600000 -20,200000
196 1708452959 0,007092 56,400000 48,000000 48,000000 -20,200000
196 1708452960 0,000000 56,400000 48,000000 48,000000 -20,200000
196 1708452961 0,000000 56,400000 48,000000 48,000000 -20,200000
196 1708452962 0,000000 56,400000 48,000000 48,000000 -20,200000
196 1708452963 0,000000 56,400000 48,000000 48,000000 -20,200000
196 1708452964 0,000000 56,400000 48,000000 48,000000 -20,200000
196 1708452965 0,000000 56,800000 48,000000 48,000000 -20,200000
196 1708452966 0,000000 56,800000 48,000000 48,000000 -20,200000
196 1708452967 0,000000 56,800000 48,000000 48,000000 -20,200000
196 1708452968 0,000000 56,800000 48,000000 48,000000 -20,200000
196 1708452969 0,000000 56,800000 48,000000 48,000000 -20,200000
196 1708452970 0,003484 57,400000 48,200000 48,200000 -20,200000
196 1708452971 0,003484 57,400000 48,400000 48,400000 -20,200000
196 1708452972 0,003484 57,400000 48,600000 48,600000 -20,200000
196 1708452973 0,003484 57,400000 48,800000 48,800000 -20,200000
196 1708452974 0,003484 57,400000 49,000000 49,000000 -20,200000
196 1708452975 -0,006920 57,800000 48,600000 48,600000 -20,200000
196 1708452976 -0,006920 57,800000 48,200000 48,200000 -20,200000
196 1708452977 -0,006920 57,800000 47,800000 47,800000 -20,200000
196 1708452978 -0,006920 57,800000 47,400000 47,400000 -20,200000
196 1708452979 -0,006920 57,800000 47,000000 47,000000 -20,200000
196 1708452980 0,000000 57,800000 47,000000 47,000000 -20,200000
196 1708452981 0,000000 57,800000 47,000000 47,000000 -20,200000
196 1708452982 0,000000 57,800000 47,000000 47,000000 -20,200000
196 1708452983 0,000000 57,800000 47,000000 47,000000 -20,200000
196 1708452984 0,000000 57,800000 47,000000 47,000000 -20,200000
196 1708452985 0,000000 58,200000 47,000000 47,000000 -20,200000
196 1708452986 0,000000 58,200000 47,000000 47,000000 -20,200000
196 1708452987 0,000000 58,200000 47,000000 47,000000 -20,200000
196 1708452988 0,000000 58,200000 47,000000 47,000000 -20,200000
196 1708452989 0,000000 58,200000 47,000000 47,000000 -20,200000
196 1708452990 0,003401 58,800000 47,200000 47,200000 -20,200000
196 1708452991 0,003401 58,800000 47,400000 47,400000 -20,200000
196 1708452992 0,003401 58,800000 47,600000 47,600000 -20,200000
196 1708452993 0,003401 58,800000 47,800000 47,800000 -20,200000
196 1708452994 0,003401 58,800000 48,000000 48,000000 -20,200000
196 1708452995 -0,010101 59,400000 47,400000 47,400000 -20,200000
196 1708452996 -0,010101 59,400000 46,800000 46,800000 -20,200000
196 1708452997 -0,010101 59,400000 46,200000 46,200000 -20,200000
196 1708452998 -0,010101 59,400000 45,600000 45,600000 -20,200000
196 1708452999 -0,010101 59,400000 45,000000 45,000000 -20,200000
196 1708453000 0,013378 59,800000 45,800000 45,800000 -20,200000
196 1708453001 0,013378 59,800000 46,600000 46,600000 -20,200000
196 1708453002 0,013378 59,800000 47,400000 47,400000 -20,200000
196 1708453003 0,013378 59,800000 48,200000 48,200000 -20,200000
196 1708453004 0,013378 59,800000 49,000000 49,000000 -20,200000
196 1708453005 0,006667 60,000000 49,400000 49,400000 -20,200000
196 1708453006 0,006667 60,000000 49,800000 49,800000 -20,200000
196 1708453007 0,006667 60,000000 50,200000 50,200000 -20,200000
196 1708453008 0,006667 60,000000 50,600000 50,600000 -20,200000
196 1708453009 0,006667 60,000000 51,000000 51,000000 -20,200000
196 1708453010 -0,013289 60,200000 50,200000 50,200000 -20,200000
196 1708453011 -0,013289 60,200000 49,400000 49,400000 -20,200000
196 1708453012 -0,013289 60,200000 48,600000 48,600000 -20,200000
196 1708453013 -0,013289 60,200000 47,800000 47,800000 -20,200000
196 1708453014 -0,013289 60,200000 47,000000 47,000000 -20,200000
196 1708453015 -0,006623 60,400000 46,600000 46,600000 -20,200000
196 1708453016 -0,006623 60,400000 46,200000 46,200000 -20,200000
196 1708453017 -0,006623 60,400000 45,800000 45,800000 -20,200000
196 1708453018 -0,006623 60,400000 45,400000 45,400000 -20,200000
196 1708453019 -0,006623 60,400000 45,000000 45,000000 -20,200000
196 1708453020 0,000000 60,800000 45,000000 45,000000 -20,200000
196 1708453021 0,000000 60,800000 45,000000 45,000000 -20,200000
196 1708453022 0,000000 60,800000 45,000000 45,000000 -20,200000
196 1708453023 0,000000 60,800000 45,000000 45,000000 -20,200000
196 1708453024 0,000000 60,800000 45,000000 45,000000 -20,200000
196 1708453025 0,013072 61,200000 45,800000 45,800000 -20,200000
196 1708453026 0,013072 61,200000 46,600000 46,600000 -20,200000
196 1708453027 0,013072 61,200000 47,400000 47,400000 -20,200000
196 1708453028 0,013072 61,200000 48,200000 48,200000 -20,200000
196 1708453029 0,013072 61,200000 49,000000 49,000000 -20,200000
196 1708453030 0,006515 61,400000 49,400000 49,400000 -20,200000
196 1708453031 0,006515 61,400000 49,800000 49,800000 -20,200000
196 1708453032 0,006515 61,400000 50,200000 50,200000 -20,200000
196 1708453033 0,006515 61,400000 50,600000 50,600000 -20,200000
196 1708453034 0,006515 61,400000 51,000000 51,000000 -20,200000
196 1708453035 -0,012987 61,600000 50,200000 50,200000 -20,200000
196 1708453036 -0,012987 61,600000 49,400000 49,400000 -20,200000
196 1708453037 -0,012987 61,600000 48,600000 48,600000 -20,200000
196 1708453038 -0,012987 61,600000 47,800000 47,800000 -20,200000
196 1708453039 -0,012987 61,600000 47,000000 47,000000 -20,200000
196 1708453040 -0,012903 62,000000 46,200000 46,200000 -20,200000
196 1708453041 -0,012903 62,000000 45,400000 45,400000 -20,200000
196 1708453042 -0,012903 62,000000 44,600000 44,600000 -20,200000
196 1708453043 -0,012903 62,000000 43,800000 43,800000 -20,200000
196 1708453044 -0,012903 62,000000 43,000000 43,000000 -20,200000
196 1708453045 0,015924 62,800000 44,000000 44,000000 -20,200000
196 1708453046 0,015924 62,800000 45,000000 45,000000 -20,200000
196 1708453047 0,015924 62,800000 46,000000 46,000000 -20,200000
196 1708453048 0,015924 62,800000 47,000000 47,000000 -20,200000
196 1708453049 0,015924 62,800000 48,000000 48,000000 -20,200000
196 1708453050 0,009494 63,200000 48,600000 48,600000 -20,200000
196 1708453051 0,009494 63,200000 49,200000 49,200000 -20,200000
196 1708453052 0,009494 63,200000 49,800000 49,800000 -20,200000
196 1708453053 0,009494 63,200000 50,400000 50,400000 -20,200000
196 1708453054 0,009494 63,200000 51,000000 51,000000 -20,200000
196 1708453055 -0,015723 63,600000 50,000000 50,000000 -20,200000
196 1708453056 -0,015723 63,600000 49,000000 49,000000 -20,200000
196 1708453057 -0,015723 63,600000 48,000000 48,000000 -20,200000
196 1708453058 -0,015723 63,600000 47,000000 47,000000 -20,200000
196 1708453059 -0,015723 63,600000 46,000000 46,000000 -20,200000
196 1708453060 0,006270 63,800000 46,400000 46,400000 -20,200000
196 1708453061 0,006270 63,800000 46,800000 46,800000 -20,200000
196 1708453062 0,006270 63,800000 47,200000 47,200000 -20,200000
196 1708453063 0,006270 63,800000 47,600000 47,600000 -20,200000
196 1708453064 0,006270 63,800000 48,000000 48,000000 -20,200000
196 1708453065 0,012461 64,200000 48,800000 48,800000 -20,200000
196 1708453066 0,012461 64,200000 49,600000 49,600000 -20,200000
196 1708453067 0,012461 64,200000 50,400000 50,400000 -20,200000
196 1708453068 0,012461 64,200000 51,200000 51,200000 -20,200000
196 1708453069 0,012461 64,200000 52,000000 52,000000 -20,200000
196 1708453070 -0,012422 64,400000 51,200000 51,200000 -20,200000
196 1708453071 -0,012422 64,400000 50,400000 50,400000 -20,200000
196 1708453072 -0,012422 64,400000 49,600000 49,600000 -20,200000
196 1708453073 -0,012422 64,400000 48,800000 48,800000 -20,200000
196 1708453074 -0,012422 64,400000 48,000000 48,000000 -20,200000
196 1708453075 -0,006192 64,600000 47,600000 47,600000 -20,200000
196 1708453076 -0,006192 64,600000 47,200000 47,200000 -20,200000
196 1708453077 -0,006192 64,600000 46,800000 46,800000 -20,200000
196 1708453078 -0,006192 64,600000 46,400000 46,400000 -20,200000
196 1708453079 -0,006192 64,600000 46,000000 46,000000 -20,200000
196 1708453080 0,006173 64,800000 46,400000 46,400000 -20,200000
196 1708453081 0,006173 64,800000 46,800000 46,800000 -20,200000
196 1708453082 0,006173 64,800000 47,200000 47,200000 -20,200000
196 1708453083 0,006173 64,800000 47,600000 47,600000 -20,200000
196 1708453084 0,006173 64,800000 48,000000 48,000000 -20,200000
196 1708453085 0,000000 65,200000 48,000000 48,000000 -20,200000
196 1708453086 0,000000 65,200000 48,000000 48,000000 -20,200000
196 1708453087 0,000000 65,200000 48,000000 48,000000 -20,200000
196 1708453088 0,000000 65,200000 48,000000 48,000000 -20,200000
196 1708453089 0,000000 65,200000 48,000000 48,000000 -20,200000
196 1708453090 -0,006079 65,800000 47,600000 47,600000 -20,200000
196 1708453091 -0,006079 65,800000 47,200000 47,200000 -20,200000
196 1708453092 -0,006079 65,800000 46,800000 46,800000 -20,200000
196 1708453093 -0,006079 65,800000 46,400000 46,400000 -20,200000
196 1708453094 -0,006079 65,800000 46,000000 46,000000 -20,200000
196 1708453095 0,006006 66,600000 46,400000 46,400000 -20,200000
196 1708453096 0,006006 66,600000 46,800000 46,800000 -20,200000
196 1708453097 0,006006 66,600000 47,200000 47,200000 -20,200000
196 1708453098 0,006006 66,600000 47,600000 47,600000 -20,200000
196 1708453099 0,006006 66,600000 48,000000 48,000000 -20,200000
196 1708453100 0,000000 66,600000 48,000000 48,000000 -20,200000
196 1708453101 0,000000 66,600000 48,000000 48,000000 -20,200000
196 1708453102 0,000000 66,600000 48,000000 48,000000 -20,200000
196 1708453103 0,000000 66,600000 48,000000 48,000000 -20,200000
196 1708453104 0,000000 66,600000 48,000000 48,000000 -20,200000
196 1708453105 0,005988 66,800000 48,400000 48,400000 -20,200000
196 1708453106 0,005988 66,800000 48,800000 48,800000 -20,200000
196 1708453107 0,005988 66,800000 49,200000 49,200000 -20,200000
196 1708453108 0,005988 66,800000 49,600000 49,600000 -20,200000
196 1708453109 0,005988 66,800000 50,000000 50,000000 -20,200000
196 1708453110 0,000000 67,200000 50,000000 50,000000 -20,200000
196 1708453111 0,000000 67,200000 50,000000 50,000000 -20,200000
196 1708453112 0,000000 67,200000 50,000000 50,000000 -20,200000
196 1708453113 0,000000 67,200000 50,000000 50,000000 -20,200000
196 1708453114 0,000000 67,200000 50,000000 50,000000 -20,200000
196 1708453115 -0,005917 67,600000 49,600000 49,600000 -20,200000
196 1708453116 -0,005917 67,600000 49,200000 49,200000 -20,200000
196 1708453117 -0,005917 67,600000 48,800000 48,800000 -20,200000
196 1708453118 -0,005917 67,600000 48,400000 48,400000 -20,200000
196 1708453119 -0,005917 67,600000 48,000000 48,000000 -20,200000
196 1708453120 0,005900 67,800000 48,400000 48,400000 -20,200000
196 1708453121 0,005900 67,800000 48,800000 48,800000 -20,200000
196 1708453122 0,005900 67,800000 49,200000 49,200000 -20,200000
196 1708453123 0,005900 67,800000 49,600000 49,600000 -20,200000
196 1708453124 0,005900 67,800000 50,000000 50,000000 -20,200000
196 1708453125 0,000000 68,200000 50,000000 50,000000 -20,200000
196 1708453126 0,000000 68,200000 50,000000 50,000000 -20,200000
196 1708453127 0,000000 68,200000 50,000000 50,000000 -20,200000
196 1708453128 0,000000 68,200000 50,000000 50,000000 -20,200000
196 1708453129 0,000000 68,200000 50,000000 50,000000 -20,200000
196 1708453130 -0,014535 68,800000 49,000000 49,000000 -20,200000
196 1708453131 -0,014535 68,800000 48,000000 48,000000 -20,200000
196 1708453132 -0,014535 68,800000 47,000000 47,000000 -20,200000
196 1708453133 -0,014535 68,800000 46,000000 46,000000 -20,200000
196 1708453134 -0,014535 68,800000 45,000000 45,000000 -20,200000
196 1708453135 0,000000 68,800000 45,000000 45,000000 -20,200000
196 1708453136 0,000000 68,800000 45,000000 45,000000 -20,200000
196 1708453137 0,000000 68,800000 45,000000 45,000000 -20,200000
196 1708453138 0,000000 68,800000 45,000000 45,000000 -20,200000
196 1708453139 0,000000 68,800000 45,000000 45,000000 -20,200000
196 1708453140 0,005797 69,000000 45,400000 45,400000 -20,200000
196 1708453141 0,005797 69,000000 45,800000 45,800000 -20,200000
196 1708453142 0,005797 69,000000 46,200000 46,200000 -20,200000
196 1708453143 0,005797 69,000000 46,600000 46,600000 -20,200000
196 1708453144 0,005797 69,000000 47,000000 47,000000 -20,200000
196 1708453145 0,005747 69,600000 47,400000 47,400000 -20,200000
196 1708453146 0,005747 69,600000 47,800000 47,800000 -20,200000
196 1708453147 0,005747 69,600000 48,200000 48,200000 -20,200000
196 1708453148 0,005747 69,600000 48,600000 48,600000 -20,200000
196 1708453149 0,005747 69,600000 49,000000 49,000000 -20,200000
196 1708453150 0,005731 69,800000 49,400000 49,400000 -20,200000
196 1708453151 0,005731 69,800000 49,800000 49,800000 -20,200000
196 1708453152 0,005731 69,800000 50,200000 50,200000 -20,200000
196 1708453153 0,005731 69,800000 50,600000 50,600000 -20,200000
196 1708453154 0,005731 69,800000 51,000000 51,000000 -20,200000
196 1708453155 -0,017094 70,200000 49,800000 49,800000 -20,200000
196 1708453156 -0,017094 70,200000 48,600000 48,600000 -20,200000
196 1708453157 -0,017094 70,200000 47,400000 47,400000 -20,200000
196 1708453158 -0,017094 70,200000 46,200000 46,200000 -20,200000
196 1708453159 -0,017094 70,200000 45,000000 45,000000 -20,200000
196 1708453160 -0,005650 70,800000 44,600000 44,600000 -20,200000
196 1708453161 -0,005650 70,800000 44,200000 44,200000 -20,200000
196 1708453162 -0,005650 70,800000 43,800000 43,800000 -20,200000
196 1708453163 -0,005650 70,800000 43,400000 43,400000 -20,200000
196 1708453164 -0,005650 70,800000 43,000000 43,000000 -20,200000
196 1708453165 0,011236 71,200000 43,800000 43,800000 -20,200000
196 1708453166 0,011236 71,200000 44,600000 44,600000 -20,200000
196 1708453167 0,011236 71,200000 45,400000 45,400000 -20,200000
196 1708453168 0,011236 71,200000 46,200000 46,200000 -20,200000
196 1708453169 0,011236 71,200000 47,000000 47,000000 -20,200000
196 1708453170 0,008380 71,600000 47,600000 47,600000 -20,200000
196 1708453171 0,008380 71,600000 48,200000 48,200000 -20,200000
196 1708453172 0,008380 71,600000 48,800000 48,800000 -20,200000
196 1708453173 0,008380 71,600000 49,400000 49,400000 -20,200000
196 1708453174 0,008380 71,600000 50,000000 50,000000 -20,200000
196 1708453175 -0,011142 71,800000 49,200000 49,200000 -20,200000
196 1708453176 -0,011142 71,800000 48,400000 48,400000 -20,200000
196 1708453177 -0,011142 71,800000 47,600000 47,600000 -20,200000
196 1708453178 -0,011142 71,800000 46,800000 46,800000 -20,200000
196 1708453179 -0,011142 71,800000 46,000000 46,000000 -20,200000
196 1708453180 0,005556 72,000000 46,400000 46,400000 -20,200000
196 1708453181 0,005556 72,000000 46,800000 46,800000 -20,200000
196 1708453182 0,005556 72,000000 47,200000 47,200000 -20,200000
196 1708453183 0,005556 72,000000 47,600000 47,600000 -20,200000
196 1708453184 0,005556 72,000000 48,000000 48,000000 -20,200000
196 1708453185 0,005510 72,600000 48,400000 48,400000 -20,200000
196 1708453186 0,005510 72,600000 48,800000 48,800000 -20,200000
196 1708453187 0,005510 72,600000 49,200000 49,200000 -20,200000
196 1708453188 0,005510 72,600000 49,600000 49,600000 -20,200000
196 1708453189 0,005510 72,600000 50,000000 50,000000 -20,200000
196 1708453190 -0,010989 72,800000 49,200000 49,200000 -20,200000
196 1708453191 -0,010989 72,800000 48,400000 48,400000 -20,200000
196 1708453192 -0,010989 72,800000 47,600000 47,600000 -20,200000
196 1708453193 -0,010989 72,800000 46,800000 46,800000 -20,200000
196 1708453194 -0,010989 72,800000 46,000000 46,000000 -20,200000
196 1708453195 -0,005479 73,000000 45,600000 45,600000 -20,200000
196 1708453196 -0,005479 73,000000 45,200000 45,200000 -20,200000
196 1708453197 -0,005479 73,000000 44,800000 44,800000 -20,200000
196 1708453198 -0,005479 73,000000 44,400000 44,400000 -20,200000
196 1708453199 -0,005479 73,000000 44,000000 44,000000 -20,200000
196 1708453200 0,005464 73,200000 44,400000 44,400000 -20,200000
196 1708453201 0,005464 73,200000 44,800000 44,800000 -20,200000
196 1708453202 0,005464 73,200000 45,200000 45,200000 -20,200000
196 1708453203 0,005464 73,200000 45,600000 45,600000 -20,200000
196 1708453204 0,005464 73,200000 46,000000 46,000000 -20,200000
196 1708453205 -0,002710 73,800000 45,800000 45,800000 -20,200000
196 1708453206 -0,002710 73,800000 45,600000 45,600000 -20,200000
196 1708453207 -0,002710 73,800000 45,400000 45,400000 -20,200000
196 1708453208 -0,002710 73,800000 45,200000 45,200000 -20,200000
196 1708453209 -0,002710 73,800000 45,000000 45,000000 -20,200000
196 1708453210 0,008086 74,200000 45,600000 45,600000 -20,200000
196 1708453211 0,008086 74,200000 46,200000 46,200000 -20,200000
196 1708453212 0,008086 74,200000 46,800000 46,800000 -20,200000
196 1708453213 0,008086 74,200000 47,400000 47,400000 -20,200000
196 1708453214 0,008086 74,200000 48,000000 48,000000 -20,200000
196 1708453215 -0,002681 74,600000 47,800000 47,800000 -20,200000
196 1708453216 -0,002681 74,600000 47,600000 47,600000 -20,200000
196 1708453217 -0,002681 74,600000 47,400000 47,400000 -20,200000
196 1708453218 -0,002681 74,600000 47,200000 47,200000 -20,200000
196 1708453219 -0,002681 74,600000 47,000000 47,000000 -20,200000
196 1708453220 0,000000 74,600000 47,000000 47,000000 -20,200000
196 1708453221 0,000000 74,600000 47,000000 47,000000 -20,200000
196 1708453222 0,000000 74,600000 47,000000 47,000000 -20,200000
196 1708453223 0,000000 74,600000 47,000000 47,000000 -20,200000
196 1708453224 0,000000 74,600000 47,000000 47,000000 -20,200000
196 1708453225 0,005348 74,800000 47,400000 47,400000 -20,200000
196 1708453226 0,005348 74,800000 47,800000 47,800000 -20,200000
196 1708453227 0,005348 74,800000 48,200000 48,200000 -20,200000
196 1708453228 0,005348 74,800000 48,600000 48,600000 -20,200000
196 1708453229 0,005348 74,800000 49,000000 49,000000 -20,200000
196 1708453230 0,000000 75,200000 49,000000 49,000000 -20,200000
196 1708453231 0,000000 75,200000 49,000000 49,000000 -20,200000
196 1708453232 0,000000 75,200000 49,000000 49,000000 -20,200000
196 1708453233 0,000000 75,200000 49,000000 49,000000 -20,200000
196 1708453234 0,000000 75,200000 49,000000 49,000000 -20,200000
196 1708453235 -0,013158 76,000000 48,000000 48,000000 -20,200000
196 1708453236 -0,013158 76,000000 47,000000 47,000000 -20,200000
196 1708453237 -0,013158 76,000000 46,000000 46,000000 -20,200000
196 1708453238 -0,013158 76,000000 45,000000 45,000000 -20,200000
196 1708453239 -0,013158 76,000000 44,000000 44,000000 -20,200000
196 1708453240 0,010471 76,400000 44,800000 44,800000 -20,200000
196 1708453241 0,010471 76,400000 45,600000 45,600000 -20,200000
196 1708453242 0,010471 76,400000 46,400000 46,400000 -20,200000
196 1708453243 0,010471 76,400000 47,200000 47,200000 -20,200000
196 1708453244 0,010471 76,400000 48,000000 48,000000 -20,200000
196 1708453245 0,002597 77,000000 48,200000 48,200000 -20,200000
196 1708453246 0,002597 77,000000 48,400000 48,400000 -20,200000
196 1708453247 0,002597 77,000000 48,600000 48,600000 -20,200000
196 1708453248 0,002597 77,000000 48,800000 48,800000 -20,200000
196 1708453249 0,002597 77,000000 49,000000 49,000000 -20,200000
196 1708453250 -0,002584 77,400000 48,800000 48,800000 -20,200000
196 1708453251 -0,002584 77,400000 48,600000 48,600000 -20,200000
196 1708453252 -0,002584 77,400000 48,400000 48,400000 -20,200000
196 1708453253 -0,002584 77,400000 48,200000 48,200000 -20,200000
196 1708453254 -0,002584 77,400000 48,000000 48,000000 -20,200000
196 1708453255 0,000000 77,800000 48,000000 48,000000 -20,200000
196 1708453256 0,000000 77,800000 48,000000 48,000000 -20,200000
196 1708453257 0,000000 77,800000 48,000000 48,000000 -20,200000
196 1708453258 0,000000 77,800000 48,000000 48,000000 -20,200000
196 1708453259 0,000000 77,800000 48,000000 48,000000 -20,200000
196 1708453260 0,000000 77,800000 48,000000 48,000000 -20,200000
196 1708453261 0,000000 77,800000 48,000000 48,000000 -20,200000
196 1708453262 0,000000 77,800000 48,000000 48,000000 -20,200000
196 1708453263 0,000000 77,800000 48,000000 48,000000 -20,200000
196 1708453264 0,000000 77,800000 48,000000 48,000000 -20,200000
196 1708453265 0,005128 78,000000 48,400000 48,400000 -20,200000
196 1708453266 0,005128 78,000000 48,800000 48,800000 -20,200000
196 1708453267 0,005128 78,000000 49,200000 49,200000 -20,200000
196 1708453268 0,005128 78,000000 49,600000 49,600000 -20,200000
196 1708453269 0,005128 78,000000 50,000000 50,000000 -20,200000
196 1708453270 0,005115 78,200000 50,400000 50,400000 -20,200000
196 1708453271 0,005115 78,200000 50,800000 50,800000 -20,200000
196 1708453272 0,005115 78,200000 51,200000 51,200000 -20,200000
196 1708453273 0,005115 78,200000 51,600000 51,600000 -20,200000
196 1708453274 0,005115 78,200000 52,000000 52,000000 -20,200000
196 1708453275 -0,010204 78,400000 51,200000 51,200000 -20,200000
196 1708453276 -0,010204 78,400000 50,400000 50,400000 -20,200000
196 1708453277 -0,010204 78,400000 49,600000 49,600000 -20,200000
196 1708453278 -0,010204 78,400000 48,800000 48,800000 -20,200000
196 1708453279 -0,010204 78,400000 48,000000 48,000000 -20,200000
196 1708453280 -0,005089 78,600000 47,600000 47,600000 -20,200000
196 1708453281 -0,005089 78,600000 47,200000 47,200000 -20,200000
196 1708453282 -0,005089 78,600000 46,800000 46,800000 -20,200000
196 1708453283 -0,005089 78,600000 46,400000 46,400000 -20,200000
196 1708453284 -0,005089 78,600000 46,000000 46,000000 -20,200000
196 1708453285 0,005051 79,200000 46,400000 46,400000 -20,200000
196 1708453286 0,005051 79,200000 46,800000 46,800000 -20,200000
196 1708453287 0,005051 79,200000 47,200000 47,200000 -20,200000
196 1708453288 0,005051 79,200000 47,600000 47,600000 -20,200000
196 1708453289 0,005051 79,200000 48,000000 48,000000 -20,200000
196 1708453290 0,007538 79,600000 48,600000 48,600000 -20,200000
196 1708453291 0,007538 79,600000 49,200000 49,200000 -20,200000
196 1708453292 0,007538 79,600000 49,800000 49,800000 -20,200000
196 1708453293 0,007538 79,600000 50,400000 50,400000 -20,200000
196 1708453294 0,007538 79,600000 51,000000 51,000000 -20,200000
196 1708453295 -0,012500 80,000000 50,000000 50,000000 -20,200000
196 1708453296 -0,012500 80,000000 49,000000 49,000000 -20,200000
196 1708453297 -0,012500 80,000000 48,000000 48,000000 -20,200000
196 1708453298 -0,012500 80,000000 47,000000 47,000000 -20,200000
196 1708453299 -0,012500 80,000000 46,000000 46,000000 -20,200000
196 1708453300 0,004963 80,600000 46,400000 46,400000 -20,200000
196 1708453301 0,004963 80,600000 46,800000 46,800000 -20,200000
196 1708453302 0,004963 80,600000 47,200000 47,200000 -20,200000
196 1708453303 0,004963 80,600000 47,600000 47,600000 -20,200000
196 1708453304 0,004963 80,600000 48,000000 48,000000 -20,200000
196 1708453305 0,007407 81,000000 48,600000 48,600000 -20,200000
196 1708453306 0,007407 81,000000 49,200000 49,200000 -20,200000
196 1708453307 0,007407 81,000000 49,800000 49,800000 -20,200000
196 1708453308 0,007407 81,000000 50,400000 50,400000 -20,200000
196 1708453309 0,007407 81,000000 51,000000 51,000000 -20,200000
196 1708453310 -0,014742 81,400000 49,800000 49,800000 -20,200000
196 1708453311 -0,014742 81,400000 48,600000 48,600000 -20,200000
196 1708453312 -0,014742 81,400000 47,400000 47,400000 -20,200000
196 1708453313 -0,014742 81,400000 46,200000 46,200000 -20,200000
196 1708453314 -0,014742 81,400000 45,000000 45,000000 -20,200000
196 1708453315 0,000000 81,800000 45,000000 45,000000 -20,200000
196 1708453316 0,000000 81,800000 45,000000 45,000000 -20,200000
196 1708453317 0,000000 81,800000 45,000000 45,000000 -20,200000
196 1708453318 0,000000 81,800000 45,000000 45,000000 -20,200000
196 1708453319 0,000000 81,800000 45,000000 45,000000 -20,200000
196 1708453320 0,002439 82,000000 45,200000 45,200000 -20,200000
196 1708453321 0,002439 82,000000 45,400000 45,400000 -20,200000
196 1708453322 0,002439 82,000000 45,600000 45,600000 -20,200000
196 1708453323 0,002439 82,000000 45,800000 45,800000 -20,200000
196 1708453324 0,002439 82,000000 46,000000 46,000000 -20,200000
196 1708453325 0,000000 82,400000 46,000000 46,000000 -20,200000
196 1708453326 0,000000 82,400000 46,000000 46,000000 -20,200000
196 1708453327 0,000000 82,400000 46,000000 46,000000 -20,200000
196 1708453328 0,000000 82,400000 46,000000 46,000000 -20,200000
196 1708453329 0,000000 82,400000 46,000000 46,000000 -20,200000
196 1708453330 0,009662 82,800000 46,800000 46,800000 -20,200000
196 1708453331 0,009662 82,800000 47,600000 47,600000 -20,200000
196 1708453332 0,009662 82,800000 48,400000 48,400000 -20,200000
196 1708453333 0,009662 82,800000 49,200000 49,200000 -20,200000
196 1708453334 0,009662 82,800000 50,000000 50,000000 -20,200000
196 1708453335 -0,009639 83,000000 49,200000 49,200000 -20,200000
196 1708453336 -0,009639 83,000000 48,400000 48,400000 -20,200000
196 1708453337 -0,009639 83,000000 47,600000 47,600000 -20,200000
196 1708453338 -0,009639 83,000000 46,800000 46,800000 -20,200000
196 1708453339 -0,009639 83,000000 46,000000 46,000000 -20,200000
196 1708453340 0,000000 83,000000 46,000000 46,000000 -20,200000
196 1708453341 0,000000 83,000000 46,000000 46,000000 -20,200000
196 1708453342 0,000000 83,000000 46,000000 46,000000 -20,200000
196 1708453343 0,000000 83,000000 46,000000 46,000000 -20,200000
196 1708453344 0,000000 83,000000 46,000000 46,000000 -20,200000
196 1708453345 0,000000 83,400000 46,000000 46,000000 -20,200000
196 1708453346 0,000000 83,400000 46,000000 46,000000 -20,200000
196 1708453347 0,000000 83,400000 46,000000 46,000000 -20,200000
196 1708453348 0,000000 83,400000 46,000000 46,000000 -20,200000
196 1708453349 0,000000 83,400000 46,000000 46,000000 -20,200000
196 1708453350 0,009547 83,800000 46,800000 46,800000 -20,200000
196 1708453351 0,009547 83,800000 47,600000 47,600000 -20,200000
196 1708453352 0,009547 83,800000 48,400000 48,400000 -20,200000
196 1708453353 0,009547 83,800000 49,200000 49,200000 -20,200000
196 1708453354 0,009547 83,800000 50,000000 50,000000 -20,200000
196 1708453355 -0,014252 84,200000 48,800000 48,800000 -20,200000
196 1708453356 -0,014252 84,200000 47,600000 47,600000 -20,200000
196 1708453357 -0,014252 84,200000 46,400000 46,400000 -20,200000
196 1708453358 -0,014252 84,200000 45,200000 45,200000 -20,200000
196 1708453359 -0,014252 84,200000 44,000000 44,000000 -20,200000
196 1708453360 0,009456 84,600000 44,800000 44,800000 -20,200000
196 1708453361 0,009456 84,600000 45,600000 45,600000 -20,200000
196 1708453362 0,009456 84,600000 46,400000 46,400000 -20,200000
196 1708453363 0,009456 84,600000 47,200000 47,200000 -20,200000
196 1708453364 0,009456 84,600000 48,000000 48,000000 -20,200000
196 1708453365 0,000000 85,000000 48,000000 48,000000 -20,200000
196 1708453366 0,000000 85,000000 48,000000 48,000000 -20,200000
196 1708453367 0,000000 85,000000 48,000000 48,000000 -20,200000
196 1708453368 0,000000 85,000000 48,000000 48,000000 -20,200000
196 1708453369 0,000000 85,000000 48,000000 48,000000 -20,200000
196 1708453370 -0,007009 85,600000 47,400000 47,400000 -20,200000
196 1708453371 -0,007009 85,600000 46,800000 46,800000 -20,200000
196 1708453372 -0,007009 85,600000 46,200000 46,200000 -20,200000
196 1708453373 -0,007009 85,600000 45,600000 45,600000 -20,200000
196 1708453374 -0,007009 85,600000 45,000000 45,000000 -20,200000
196 1708453375 0,004662 85,800000 45,400000 45,400000 -20,200000
196 1708453376 0,004662 85,800000 45,800000 45,800000 -20,200000
196 1708453377 0,004662 85,800000 46,200000 46,200000 -20,200000
196 1708453378 0,004662 85,800000 46,600000 46,600000 -20,200000
196 1708453379 0,004662 85,800000 47,000000 47,000000 -20,200000
196 1708453380 0,000000 85,800000 47,000000 47,000000 -20,200000
196 1708453381 0,000000 85,800000 47,000000 47,000000 -20,200000
196 1708453382 0,000000 85,800000 47,000000 47,000000 -20,200000
196 1708453383 0,000000 85,800000 47,000000 47,000000 -20,200000
196 1708453384 0,000000 85,800000 47,000000 47,000000 -20,200000
196 1708453385 0,000000 86,200000 47,000000 47,000000 -20,200000
196 1708453386 0,000000 86,200000 47,000000 47,000000 -20,200000
196 1708453387 0,000000 86,200000 47,000000 47,000000 -20,200000
196 1708453388 0,000000 86,200000 47,000000 47,000000 -20,200000
196 1708453389 0,000000 86,200000 47,000000 47,000000 -20,200000
196 1708453390 0,009238 86,600000 47,800000 47,800000 -20,200000
196 1708453391 0,009238 86,600000 48,600000 48,600000 -20,200000
196 1708453392 0,009238 86,600000 49,400000 49,400000 -20,200000
196 1708453393 0,009238 86,600000 50,200000 50,200000 -20,200000
196 1708453394 0,009238 86,600000 51,000000 51,000000 -20,200000
196 1708453395 -0,016055 87,200000 49,600000 49,600000 -20,200000
196 1708453396 -0,016055 87,200000 48,200000 48,200000 -20,200000
196 1708453397 -0,016055 87,200000 46,800000 46,800000 -20,200000
196 1708453398 -0,016055 87,200000 45,400000 45,400000 -20,200000
196 1708453399 -0,016055 87,200000 44,000000 44,000000 -20,200000
196 1708453400 0,009091 88,000000 44,800000 44,800000 -20,200000
196 1708453401 0,009091 88,000000 45,600000 45,600000 -20,200000
196 1708453402 0,009091 88,000000 46,400000 46,400000 -20,200000
196 1708453403 0,009091 88,000000 47,200000 47,200000 -20,200000
196 1708453404 0,009091 88,000000 48,000000 48,000000 -20,200000
196 1708453405 0,004535 88,200000 48,400000 48,400000 -20,200000
196 1708453406 0,004535 88,200000 48,800000 48,800000 -20,200000
196 1708453407 0,004535 88,200000 49,200000 49,200000 -20,200000
196 1708453408 0,004535 88,200000 49,600000 49,600000 -20,200000
196 1708453409 0,004535 88,200000 50,000000 50,000000 -20,200000
196 1708453410 0,004525 88,400000 50,400000 50,400000 -20,200000
196 1708453411 0,004525 88,400000 50,800000 50,800000 -20,200000
196 1708453412 0,004525 88,400000 51,200000 51,200000 -20,200000
196 1708453413 0,004525 88,400000 51,600000 51,600000 -20,200000
196 1708453414 0,004525 88,400000 52,000000 52,000000 -20,200000
196 1708453415 -0,009029 88,600000 51,200000 51,200000 -20,200000
196 1708453416 -0,009029 88,600000 50,400000 50,400000 -20,200000
196 1708453417 -0,009029 88,600000 49,600000 49,600000 -20,200000
196 1708453418 -0,009029 88,600000 48,800000 48,800000 -20,200000
196 1708453419 -0,009029 88,600000 48,000000 48,000000 -20,200000
196 1708453420 0,004505 88,800000 48,400000 48,400000 -20,200000
196 1708453421 0,004505 88,800000 48,800000 48,800000 -20,200000
196 1708453422 0,004505 88,800000 49,200000 49,200000 -20,200000
196 1708453423 0,004505 88,800000 49,600000 49,600000 -20,200000
196 1708453424 0,004505 88,800000 50,000000 50,000000 -20,200000
196 1708453425 0,000000 89,200000 50,000000 50,000000 -20,200000
196 1708453426 0,000000 89,200000 50,000000 50,000000 -20,200000
196 1708453427 0,000000 89,200000 50,000000 50,000000 -20,200000
196 1708453428 0,000000 89,200000 50,000000 50,000000 -20,200000
196 1708453429 0,000000 89,200000 50,000000 50,000000 -20,200000
196 1708453430 -0,008949 89,400000 49,200000 49,200000 -20,200000
196 1708453431 -0,008949 89,400000 48,400000 48,400000 -20,200000
196 1708453432 -0,008949 89,400000 47,600000 47,600000 -20,200000
196 1708453433 -0,008949 89,400000 46,800000 46,800000 -20,200000
196 1708453434 -0,008949 89,400000 46,000000 46,000000 -20,200000
196 1708453435 0,004464 89,600000 46,400000 46,400000 -20,200000
196 1708453436 0,004464 89,600000 46,800000 46,800000 -20,200000
196 1708453437 0,004464 89,600000 47,200000 47,200000 -20,200000
196 1708453438 0,004464 89,600000 47,600000 47,600000 -20,200000
196 1708453439 0,004464 89,600000 48,000000 48,000000 -20,200000
196 1708453440 -0,004454 89,800000 47,600000 47,600000 -20,200000
196 1708453441 -0,004454 89,800000 47,200000 47,200000 -20,200000
196 1708453442 -0,004454 89,800000 46,800000 46,800000 -20,200000
196 1708453443 -0,004454 89,800000 46,400000 46,400000 -20,200000
196 1708453444 -0,004454 89,800000 46,000000 46,000000 -20,200000
196 1708453445 0,004425 90,400000 46,400000 46,400000 -20,200000
196 1708453446 0,004425 90,400000 46,800000 46,800000 -20,200000
196 1708453447 0,004425 90,400000 47,200000 47,200000 -20,200000
196 1708453448 0,004425 90,400000 47,600000 47,600000 -20,200000
196 1708453449 0,004425 90,400000 48,000000 48,000000 -20,200000
196 1708453450 0,004396 91,000000 48,400000 48,400000 -20,200000
196 1708453451 0,004396 91,000000 48,800000 48,800000 -20,200000
196 1708453452 0,004396 91,000000 49,200000 49,200000 -20,200000
196 1708453453 0,004396 91,000000 49,600000 49,600000 -20,200000
196 1708453454 0,004396 91,000000 50,000000 50,000000 -20,200000
196 1708453455 -0,008734 91,600000 49,200000 49,200000 -20,200000
196 1708453456 -0,008734 91,600000 48,400000 48,400000 -20,200000
196 1708453457 -0,008734 91,600000 47,600000 47,600000 -20,200000
196 1708453458 -0,008734 91,600000 46,800000 46,800000 -20,200000
196 1708453459 -0,008734 91,600000 46,000000 46,000000 -20,200000
196 1708453460 0,000000 91,600000 46,000000 46,000000 -20,200000
196 1708453461 0,000000 91,600000 46,000000 46,000000 -20,200000
196 1708453462 0,000000 91,600000 46,000000 46,000000 -20,200000
196 1708453463 0,000000 91,600000 46,000000 46,000000 -20,200000
196 1708453464 0,000000 91,600000 46,000000 46,000000 -20,200000
196 1708453465 0,004338 92,200000 46,400000 46,400000 -20,200000
196 1708453466 0,004338 92,200000 46,800000 46,800000 -20,200000
196 1708453467 0,004338 92,200000 47,200000 47,200000 -20,200000
196 1708453468 0,004338 92,200000 47,600000 47,600000 -20,200000
196 1708453469 0,004338 92,200000 48,000000 48,000000 -20,200000
196 1708453470 0,008639 92,600000 48,800000 48,800000 -20,200000
196 1708453471 0,008639 92,600000 49,600000 49,600000 -20,200000
